   7.9851037e-01   6.6930269e-01   8.4576329e-01
   8.4668900e-01   8.0952571e-01   8.5316219e-01
   8.4696395e-01   7.7826248e-01   8.4241091e-01
   8.2591206e-01   8.3204789e-01   8.5226791e-01
   8.0166978e-01   8.3991151e-01   8.4661314e-01
   8.4390705e-01   8.1853304e-01   8.4864439e-01
   7.1275924e-01   8.3478355e-01   8.2676525e-01
   7.7985222e-01   3.9604421e-01   8.3398621e-01
   7.9224795e-01   1.9768416e-01   8.4578311e-01
   8.4591896e-01   8.3964385e-01   8.4589168e-01
   6.9988096e-01   8.2915737e-01   7.9559333e-01
   8.5222483e-01   8.4096684e-01   8.4796955e-01
   8.2850198e-01   8.0091173e-01   8.2779261e-01
   6.6274327e-01   8.2973777e-01   8.0312184e-01
   6.1337364e-01   7.1166759e-01   7.0993676e-01
   6.7032340e-01   7.5211066e-01   8.2523948e-01
   8.2532198e-01   8.3520894e-01   8.4688318e-01
   8.4807441e-01   8.0490171e-01   8.4491665e-01
   8.5404285e-01   8.0667799e-01   8.5030563e-01
   3.6071315e-01   5.4124094e-01   5.2737299e-01
   5.6717396e-01   5.1102385e-01   4.9913953e-01
   8.3840629e-01   4.4934785e-01   8.4633349e-01
   7.6688979e-01   8.1973844e-01   8.1436460e-01
   6.2266389e-01   5.1198159e-01   8.2589291e-01
   7.3810152e-01   8.0378088e-01   8.3474175e-01
   8.4949341e-01   8.2900681e-01   8.4970972e-01
   8.4060423e-01   3.9943663e-01   8.3686348e-01
   7.6221832e-01   5.8674521e-01   8.2559702e-01
   7.7981061e-01   8.2756463e-01   8.2862162e-01
   8.4934340e-01   6.3480558e-01   8.4602306e-01
   7.0271607e-01   8.1464069e-01   7.6740413e-01
   8.5661585e-01   8.1009218e-01   8.5339571e-01
   8.3088764e-01   8.4108657e-01   8.4709026e-01
   6.8438896e-01   5.3705662e-01   8.3781143e-01
   7.8461064e-01   8.2774193e-01   8.2783172e-01
   8.1918192e-01   8.1184866e-01   8.1946170e-01
   8.0291823e-01   5.7210019e-01   8.2117297e-01
   6.8550889e-01   7.4038665e-01   8.2943346e-01
   7.8812790e-01   5.6147145e-01   8.5034117e-01
   8.2971566e-01   5.0213520e-01   8.5104288e-01
   6.5043995e-01   6.8488558e-01   6.9815765e-01
   5.9796997e-01   6.4704372e-01   8.2112770e-01
   8.0638711e-01   8.2435756e-01   8.4982813e-01
   5.1608117e-01   8.2568841e-01   5.3875547e-01
   7.3596479e-01   8.3235555e-01   8.3963408e-01
   7.6711750e-01   8.4680178e-01   7.9936503e-01
   7.8655299e-01   6.4173259e-01   8.4375022e-01
   8.0269523e-01   8.4708117e-01   8.4383111e-01
   8.0869529e-01   8.4262407e-01   8.4060646e-01
   8.2943069e-01   7.4566692e-01   8.3787308e-01
   7.8505475e-01   7.0411162e-01   8.2152971e-01
   7.3479645e-01   8.1301621e-01   8.2784000e-01
   7.8505233e-01   8.3513413e-01   7.7806137e-01
   8.3611927e-01   8.3959843e-01   8.4179643e-01
   8.3608074e-01   8.0301468e-01   8.3575773e-01
   8.4800786e-01   6.0862654e-01   8.4463329e-01
   8.3324568e-01   7.4242764e-01   8.4238708e-01
   6.9212848e-01   7.1012957e-01   7.0481937e-01
   7.5763104e-01   8.4236145e-01   8.4722331e-01
   7.1074714e-01   5.5736115e-01   8.3602254e-01
   7.7284031e-01   8.2638897e-01   8.3069123e-01
   8.1753342e-01   8.4225456e-01   8.3842088e-01
   2.6219194e-01   3.7025367e-01   3.9496599e-01
   8.0341787e-01   8.2447204e-01   8.3589114e-01
   5.4812135e-01   8.1200123e-01   7.7993736e-01
   6.7047375e-01   2.4443786e-01   8.3752439e-01
   8.4067786e-01   8.3565318e-01   8.3914578e-01
   8.0511059e-01   8.1584540e-01   8.0340186e-01
   8.1972404e-01   8.4681282e-01   8.5097202e-01
   8.4345527e-01   8.3071185e-01   8.4647692e-01
   8.4175519e-01   7.8600260e-01   8.4045081e-01
   8.3088764e-01   8.4108657e-01   8.4709026e-01
   6.8438896e-01   5.3705662e-01   8.3781143e-01
   6.7047375e-01   2.4443786e-01   8.3752439e-01
   8.4067786e-01   8.3565318e-01   8.3914578e-01
   8.5661585e-01   8.1009218e-01   8.5339571e-01
   7.4364605e-01   7.2628076e-01   8.2012884e-01
   8.5401850e-01   4.8806810e-01   8.5032392e-01
   8.3575153e-01   8.4841909e-01   8.3925674e-01
   7.2329739e-01   2.7714339e-01   8.4399546e-01
   8.3088764e-01   8.4108657e-01   8.4709026e-01
   6.8438896e-01   5.3705662e-01   8.3781143e-01
   8.0844177e-01   7.2150988e-01   8.4254894e-01
   8.3745017e-01   7.9777765e-01   8.3031694e-01
   7.4435319e-01   7.5884415e-01   8.3479989e-01                                                                                  
   8.4067786e-01   8.3565318e-01   8.3914578e-01                                                                                  
   7.8730588e-01   6.1131165e-01   8.4538512e-01                                                                                  
   8.3305569e-01   5.6750319e-01   8.4231513e-01                                                                                  
   6.5700032e-01   8.2494002e-01   8.4097993e-01                                                                                  
   6.7047375e-01   2.4443786e-01   8.3752439e-01                                                                                  
   6.3076124e-01   3.1332774e-01   7.7598945e-01
   6.8438896e-01   5.3705662e-01   8.3781143e-01
   8.4067786e-01   8.3565318e-01   8.3914578e-01
   8.1979022e-01   3.8633566e-01   8.2985577e-01
   8.4984700e-01   3.5350121e-01   8.2744472e-01
   8.3517999e-01   5.9778863e-01   8.4246897e-01
   7.5946869e-01   7.5343820e-01   7.6970959e-01
   7.5535434e-01   7.6591466e-01   8.4393015e-01
   6.0739658e-01   8.3462800e-01   7.9082012e-01
   7.2841533e-01   8.3244511e-01   8.1156386e-01
