   1.6571689e-01   4.4588268e-02   1.8392781e-01   9.1426696e-02
   2.4243544e-01   1.1845994e-01   2.2812154e-01   2.6210594e-01
   8.3458795e-01   9.6464374e-02   8.3345232e-01   8.3876716e-01
   8.3413830e-03  -3.5653198e-01   1.8256465e-02   2.2554023e-01
   6.7567340e-01   3.4607614e-01   6.8078185e-01   5.9128046e-01
   1.5471318e-01   5.0283812e-02   1.5053445e-01   1.7243338e-01
   5.8958283e-01   2.8987761e-01   5.8174993e-01   5.7837151e-01
   8.5364008e-01   1.0759421e-01   8.5124324e-01   8.5313924e-01
   3.0470325e-01   2.8288379e-01   3.1378582e-01   3.6288529e-01
   2.9338959e-01   2.1970022e-01   2.9629032e-01   2.8900508e-01
   2.4243544e-01   1.1845994e-01   2.2812154e-01   2.6210594e-01                                                                  
   8.5364008e-01   1.0759421e-01   8.5124324e-01   8.5313924e-01                                                                  
   3.0470325e-01   2.8288379e-01   3.1378582e-01   3.6288529e-01                                                                  
   2.9338959e-01   2.1970022e-01   2.9629032e-01   2.8900508e-01                                                                  
   5.8958283e-01   2.8987761e-01   5.8174993e-01   5.7837151e-01                                                                  
   1.6571689e-01   4.4588268e-02   1.8392781e-01   9.1426696e-02                                                                  
   1.5471318e-01   5.0283812e-02   1.5053445e-01   1.7243338e-01                                                                  
   8.3458795e-01   9.6464374e-02   8.3345232e-01   8.3876716e-01                                                                  
   6.7567340e-01   3.4607614e-01   6.8078185e-01   5.9128046e-01                                                                  
   8.3413830e-03  -3.5653198e-01   1.8256465e-02   2.2554023e-01 

