   7.3748613e-01   8.4882991e-01   8.0771782e-01   8.4658380e-01
   7.6154820e-01   8.5062940e-01   8.4862284e-01   8.5247893e-01
   6.4559983e-01   6.5059762e-01   8.3565142e-01   8.2519825e-01
   8.5320228e-01   8.5314404e-01   8.5619398e-01   8.5438604e-01
   8.5076028e-01   8.5189151e-01   8.3915162e-01   8.4693458e-01
   8.4974736e-01   7.9356966e-01   8.3644836e-01   8.5680959e-01
   8.2227009e-01   8.1457812e-01   8.2946726e-01   7.5358477e-01
   8.4058437e-01   8.1867581e-01   8.4614372e-01   8.5182225e-01
   8.2359971e-01   3.9575441e-01   8.3755075e-01   8.4905363e-01
   7.4126946e-01   7.8955298e-01   8.4168504e-01   6.9541825e-01

