   6.4648289e-01   5.9475483e-01   7.0191099e-01
   7.6008298e-01   8.4194452e-01   8.2917697e-01
   8.3984348e-01   4.4568913e-01   8.4510090e-01
   8.4161022e-01   8.4156736e-01   8.4169081e-01
   8.4197372e-01   8.2478927e-01   8.4929166e-01
   8.1896453e-01   7.3087889e-01   8.5310053e-01
   7.9953633e-01   8.1987955e-01   8.3348492e-01
   8.0585037e-01   5.8546076e-01   8.4753440e-01
   8.4228265e-01   8.3803800e-01   8.5258127e-01
   8.5255267e-01   8.3719634e-01   8.5104081e-01
   7.1329430e-01   8.2027098e-01   8.2975275e-01
   8.3059452e-01   7.5450786e-01   8.3270773e-01
   7.6889195e-01   7.2307988e-01   8.4231747e-01
   7.5781771e-01   4.9872467e-01   7.9714442e-01
   8.2378495e-01   7.9125907e-01   8.2961091e-01
   6.5636497e-01   8.4523127e-01   7.0243785e-01
   7.8418850e-01   7.5706035e-01   8.2327944e-01
   7.4549387e-01   6.5759951e-01   8.4650647e-01
   7.2814695e-01   8.4060909e-01   8.1522621e-01
   8.4781026e-01   8.2906073e-01   8.3959040e-01
   8.4196088e-01   8.3071311e-01   8.3453504e-01
   8.2940467e-01   8.3443262e-01   8.3505870e-01
   6.8550279e-01   6.2063392e-01   7.9094804e-01
   8.3925141e-01   5.0463987e-01   8.3920201e-01
   8.5047009e-01   5.6393674e-01   8.5115856e-01
   8.3478856e-01   8.0490901e-01   8.4062302e-01
   8.5023362e-01   2.7040020e-01   8.4406092e-01
   7.0217408e-01   4.5681598e-01   7.6732678e-01
   6.9627524e-01   8.3748838e-01   8.3708595e-01
   8.1438032e-01   8.2249057e-01   7.9381498e-01
   8.3788130e-01   8.0512366e-01   8.4637417e-01
   7.8131548e-01   8.1868130e-01   8.3198683e-01
   6.6669758e-01   6.6626217e-01   7.4444853e-01
   8.2800173e-01   8.3900705e-01   8.2502031e-01
   7.7586759e-01   3.6913104e-01   7.9652893e-01
   8.5308025e-01   7.8720605e-01   8.5256797e-01
   7.4202809e-01   8.1637335e-01   8.0764146e-01
   8.5358319e-01   7.1858857e-01   8.5031765e-01
   8.2727346e-01   8.3840219e-01   8.3941794e-01
   8.4561984e-01   7.3797588e-01   8.4847337e-01
   8.0391244e-01   8.4295072e-01   8.4791147e-01
   8.3841267e-01   8.4358317e-01   8.3659569e-01
   8.4915048e-01   7.8099548e-01   8.4743173e-01
   8.2526127e-01   8.1765290e-01   8.3224804e-01
   8.4974646e-01   8.1886271e-01   8.5029699e-01
   8.3939069e-01   5.0510253e-01   8.3946498e-01
   7.9113941e-01   7.1975454e-01   8.3945322e-01
   8.5345276e-01   8.2644305e-01   8.5047256e-01
   6.6629373e-01   8.2545137e-01   8.3406333e-01
   7.7448368e-01   8.2084655e-01   8.0364856e-01
   8.2800024e-01   6.0876671e-01   8.3527657e-01
   4.4717531e-01   3.0123487e-01   5.1877288e-01
   8.2784766e-01   7.9990856e-01   8.3896574e-01
   7.5946627e-01   7.7199860e-01   7.6723275e-01
   7.0365070e-01   7.2316086e-01   7.7772048e-01
   8.3780666e-01   7.9979119e-01   8.4330116e-01
   8.1134906e-01   8.4148103e-01   8.2767362e-01
   8.2757135e-01   6.9735060e-01   8.2977132e-01
   8.1128184e-01   8.2836149e-01   8.3277821e-01
   8.3430985e-01   5.3557878e-01   8.4934420e-01
   7.8514063e-01   7.6123856e-01   8.2263153e-01
   7.7014219e-01   8.0659501e-01   7.7868677e-01
   6.0807562e-01   7.6483063e-01   6.3189604e-01
   8.3823656e-01   8.4037025e-01   8.4161267e-01
   8.5311156e-01   8.4429868e-01   8.5012807e-01
   7.8791501e-01   8.1530153e-01   8.4169161e-01
   8.2785407e-01   8.1218318e-01   8.2408118e-01
   8.2254567e-01   8.0129602e-01   8.1791366e-01
   5.7812555e-01   6.6348980e-01   7.8327932e-01
   7.0848642e-01   7.3197080e-01   8.2220255e-01
   8.4581834e-01   8.3259477e-01   8.4435652e-01
   8.3568745e-01   8.4539882e-01   8.4807564e-01
   8.5175665e-01   8.4101203e-01   8.4710083e-01
   8.5483832e-01   4.4271534e-01   8.5099325e-01
   6.4744763e-01   3.8313979e-01   7.9344810e-01
   7.1665173e-01   7.8303191e-01   7.7028860e-01
   8.4354625e-01   8.3535435e-01   8.5208342e-01
   8.5567928e-01   7.6768718e-01   8.4724656e-01
   8.1894171e-01   8.2158620e-01   8.4273403e-01
   8.4571275e-01   8.2770239e-01   8.4403385e-01
   7.2406408e-01   5.3592738e-01   8.3354066e-01
   8.5301107e-01   7.2705783e-01   8.5026837e-01
   8.3829874e-01   8.2810211e-01   8.3316125e-01
   8.1557205e-01   8.3908599e-01   8.4681444e-01
   8.2004359e-01   8.3149491e-01   8.4756169e-01
   8.2262716e-01   8.2929223e-01   8.3769417e-01
   8.4377188e-01   7.3739332e-01   8.4229311e-01
   7.1719571e-01   8.3454970e-01   8.0644177e-01
   8.5451800e-01   8.3816106e-01   8.5360192e-01
   8.3570378e-01   8.1102730e-01   8.4212894e-01
   7.9591897e-01   7.5170445e-01   8.3121822e-01
   7.2859510e-01   8.4546668e-01   7.9918845e-01
   8.3056893e-01   8.4097024e-01   8.5061383e-01
   8.0111724e-01   7.9666389e-01   8.2000852e-01
   8.0976538e-01   6.3404269e-01   8.3243478e-01
   7.8382631e-01   8.3880384e-01   8.4518520e-01
   8.4033434e-01   8.4460001e-01   8.4100720e-01
   5.8431218e-01   6.4733381e-01   7.8000757e-01
   8.4325041e-01   8.0070816e-01   8.3880308e-01
   7.7432077e-01   7.9973702e-01   8.2792354e-01
