   7.9027434e-01   8.4272412e-01   8.3123651e-01
   7.7631592e-01   5.1437746e-01   7.9063766e-01
   8.3161819e-01   7.7499788e-01   8.4266756e-01
   7.2160449e-01   8.0407397e-01   8.4550892e-01
   7.4986435e-01   8.4009183e-01   8.2951955e-01
   8.5471917e-01   7.8227980e-01   8.5339547e-01
   8.2645947e-01   4.4945347e-01   8.4135326e-01
   8.4479420e-01   7.7034783e-01   8.4144961e-01
   8.4231045e-01   7.0841320e-01   8.3651021e-01
   8.4394352e-01   7.2989806e-01   8.3961612e-01
   8.3214439e-01   7.9625815e-01   8.3036118e-01
   8.1156897e-01   8.3795950e-01   8.0225906e-01
   8.0121520e-01   7.9170988e-01   8.5424033e-01
   6.3967817e-01   8.2688781e-01   8.1011293e-01
   8.0374142e-01   8.1504479e-01   8.2028320e-01
   8.0720804e-01   4.8636403e-01   8.4019716e-01
   7.5752383e-01   6.3594226e-01   8.4462750e-01
   7.3172858e-01   8.1207795e-01   8.1820985e-01
   8.4438524e-01   5.0755864e-01   8.4833200e-01
   8.1415692e-01   7.9317003e-01   8.3712783e-01
   8.4360803e-01   8.0130594e-01   8.4490423e-01
   8.1680727e-01   8.0948628e-01   8.1928741e-01
   8.2296686e-01   4.1507535e-01   8.3577246e-01
   7.4106731e-01   8.3326441e-01   8.4437519e-01
   8.1583415e-01   8.3733545e-01   8.1854713e-01
   8.2146628e-01   8.3869767e-01   8.2182513e-01
   7.6224927e-01   8.1634420e-01   8.5377139e-01
   8.4130400e-01   8.4533114e-01   8.4037775e-01
   6.1116672e-01   8.4595248e-01   7.1100177e-01
   8.3896934e-01   4.6998142e-01   8.4466690e-01
   8.2717307e-01   7.9485280e-01   8.4458293e-01
   8.1597693e-01   8.4275655e-01   8.3796205e-01
   8.4048055e-01   8.4397007e-01   8.4032932e-01
   8.1170177e-01   8.4225979e-01   8.3333646e-01
   8.4825854e-01   8.2772492e-01   8.4591648e-01
   7.0865584e-01   8.3404738e-01   8.1065756e-01
   8.3087683e-01   6.6430481e-01   8.3387581e-01
   8.2263018e-01   7.7907950e-01   8.3438180e-01
   8.4812664e-01   8.2747714e-01   8.5190882e-01
   8.4675238e-01   7.8102923e-01   8.4773448e-01
   6.2041663e-01   2.3696336e-01   7.4054654e-01
   8.3458265e-01   8.2107126e-01   8.4348476e-01
   7.6926253e-01   8.1778533e-01   8.1594645e-01
   7.3167050e-01   8.4402831e-01   8.0533091e-01
   7.3708667e-01   6.7246253e-01   8.3969419e-01
   8.2818137e-01   8.0143381e-01   8.3395945e-01
   8.1536977e-01   3.0668920e-01   8.1026278e-01
   7.3378073e-01   5.5469925e-01   8.1778143e-01
   8.3604424e-01   7.8552247e-01   8.4125804e-01
   7.8729387e-01   7.4238667e-01   8.4316984e-01
   8.3165894e-01   8.3917794e-01   8.3692208e-01
   7.8761810e-01   8.0907969e-01   8.3263856e-01
   4.8738865e-01   6.0245367e-01   6.2901189e-01
   8.3189111e-01   8.1828675e-01   8.5185316e-01
   6.8234143e-01   8.0357832e-01   6.5497469e-01
   8.0499416e-01   6.0427683e-01   8.2032487e-01
   8.5192884e-01   7.7623127e-01   8.4667961e-01
   7.8424381e-01   5.7528200e-01   8.4800742e-01
   8.4446692e-01   7.8818208e-01   8.4570937e-01
   8.3367460e-01   8.2455870e-01   8.3290189e-01
   8.5504825e-01   8.1868485e-01   8.5276139e-01
   8.4358544e-01   8.3022167e-01   8.4391486e-01
   8.3799720e-01   8.4496302e-01   8.5442365e-01
   8.5002997e-01   8.2118786e-01   8.4532173e-01
   8.4087992e-01   8.4129223e-01   8.3959344e-01
   8.4605784e-01   6.1256093e-01   8.4524966e-01
   8.2461420e-01   8.1353202e-01   8.2907867e-01
   8.3674885e-01   8.3823473e-01   8.4672811e-01
   8.3088602e-01   8.3471936e-01   8.3124087e-01
   8.3624378e-01   8.3926877e-01   8.3593984e-01
   8.4069389e-01   8.0179596e-01   8.3394402e-01
   7.3805409e-01   7.1066219e-01   7.6866584e-01
   8.4469283e-01   8.1836112e-01   8.4838978e-01
   8.1169037e-01   8.0267863e-01   8.4160614e-01
   7.5928252e-01   4.3170330e-01   8.5159614e-01
   8.1312764e-01   6.1149088e-01   8.1371148e-01
   8.4713642e-01   8.1702291e-01   8.5017323e-01
   7.6800458e-01   7.7566321e-01   8.1517880e-01
   7.1330607e-01   8.2560005e-01   7.7964069e-01
   8.1711077e-01   8.3522264e-01   8.4653334e-01
   8.4447898e-01   7.3559990e-01   8.3654571e-01
   8.0633023e-01   8.0960329e-01   8.0045165e-01
   8.3318210e-01   7.5801878e-01   8.3244729e-01
   8.0049462e-01   7.6641252e-01   8.2595205e-01
   8.5294890e-01   7.9828171e-01   8.5363329e-01
   8.3850994e-01   8.3781958e-01   8.4550246e-01
   6.8372148e-01   7.9508989e-01   8.3837761e-01
   7.4039686e-01   8.1367193e-01   8.3857050e-01
   8.2878164e-01   8.1942399e-01   8.2869116e-01
   8.4600241e-01   7.9181468e-01   8.4677202e-01
   8.0530368e-01   6.9444533e-01   8.3582425e-01
   8.0281095e-01   3.5026790e-01   8.4915768e-01
   7.9430368e-01   4.2532667e-01   8.3610376e-01
   8.4911765e-01   8.4139617e-01   8.4227624e-01
   8.1364579e-01   5.7501971e-01   8.1604438e-01
   8.3313958e-01   4.7625381e-01   8.5154203e-01
   8.1972139e-01   8.4276267e-01   8.3389248e-01
   8.0964114e-01   7.3912289e-01   8.4042991e-01
   8.3687146e-01   8.4758471e-01   8.3475740e-01
   8.3893336e-01   8.1869663e-01   8.5400941e-01
