   1.5270906e-01   1.6356764e-01   1.9258351e-01
   2.6114569e-01   3.1384985e-01   1.4762903e-01
   2.9171690e-01   1.9817662e-01   5.8764594e-01
   1.7883135e-01   9.7081145e-02   1.5246294e-01
   1.2893004e-01   5.3313452e-02   1.6981565e-01
   7.2712695e-01   3.8075975e-01   8.1734054e-01
   5.3699094e-01   8.4712809e-02   5.5584900e-01
   8.3241468e-02  -4.5697874e-02   8.1329732e-02
   3.2273123e-01   8.4062684e-02   3.0361879e-01
   2.3661423e-01   1.6223345e-01   2.7593158e-01
   3.5497572e-01  -6.0282902e-03   3.4098000e-01
   1.3895285e-01   1.7583220e-01   1.7441553e-01
   5.1764048e-01  -1.2324537e-01   4.5266724e-01
   2.5397406e-01   1.0187565e-01   2.0803030e-01
   2.1880041e-01   1.0522041e-01   2.4855903e-01
   3.2149002e-01   5.6487094e-02   3.2580840e-01
   2.9103445e-01   2.3568073e-02   2.8575349e-01
   3.7384599e-01   5.0228735e-02   4.7162943e-01
   6.1228716e-01   8.3445222e-03   7.0943573e-01
   2.7081202e-01   5.0686361e-01   8.0933861e-01
   2.1250051e-01   5.4740093e-02   3.1555274e-01
   1.6166742e-01   1.4561804e-01   1.5072227e-01
   2.3411185e-01   1.0945472e-01   2.5719915e-01
   5.6424296e-01   1.1590083e-01   7.2466504e-01
   2.4953481e-01   1.0082611e-01   7.6508782e-01
   6.4100636e-02  -1.4472641e-01   1.1474291e-01
   2.0122816e-01   1.3722387e-01   2.3382525e-01
   3.4522630e-01  -3.5595764e-02   4.7496894e-01
   8.8080318e-02   1.5148366e-01   1.3392314e-01
   4.0095876e-01   2.1982177e-01   1.3063059e-01
   1.3057809e-01  -4.1995379e-01   1.6562275e-01
   2.0494039e-01  -9.8475768e-02   1.7057349e-01
   1.7439384e-01   1.3625590e-01   2.1015218e-01
   3.2238797e-01   1.4256370e-02   2.7589604e-01
   2.0198808e-01   1.5537364e-01   2.2407970e-01
   8.1401055e-01   2.0805405e-01   5.3280645e-01
   1.7105599e-01  -3.3795258e-01   2.8857047e-01
   1.7520794e-01   5.8693364e-02   1.5725670e-01
   1.4115505e-01   5.8966796e-01   3.1369156e-01
   5.1659116e-01   7.5735498e-02   7.1055628e-01
   3.0991875e-01   8.9926241e-02   3.2511209e-01
   2.0225048e-01   1.6583569e-01   2.5681835e-01
   4.1569002e-01   9.7346327e-02   2.9879092e-01
   2.1212925e-01   5.3428906e-02   1.2930062e-01
   2.2377772e-01   7.4556416e-02   1.8328337e-01
   1.9900570e-01   8.8802438e-02   2.1614251e-01
   1.1526774e-01   1.0257291e-03   1.2041565e-01
   1.6930707e-01   1.1052616e-01   1.8850555e-01
   1.8603846e-01   1.7331868e-01   4.6770761e-01
   2.1419305e-01   1.8276339e-01   3.1619599e-01
   2.2191739e-01  -1.4260813e-02   1.6413551e-01
   2.2643573e-01   2.2062437e-01   2.4860957e-01
   3.1061450e-01   1.2680072e-01   3.7502009e-01
   2.6432133e-01   1.8527416e-01   2.5909089e-01
   3.1072825e-01   2.2801259e-01   3.1186547e-01
   5.6193191e-01   1.0610443e-01   5.6873130e-01
   9.5044794e-02  -1.4999744e-01   1.8919683e-01
   1.8920565e-01   2.9338743e-01   3.1594872e-01
   1.5730034e-01   8.1497457e-02   2.3619655e-01
   1.9984034e-01  -3.6391571e-02   1.8192016e-01
   1.9030112e-01   5.4517355e-03   2.8597523e-01
   8.5860113e-02  -1.2509031e-01   1.1366087e-01
   2.5614941e-01   1.8919979e-01   2.6262374e-01
   2.0199609e-01   3.9952259e-02   2.0792535e-01
   2.2025989e-01   1.6442399e-01   2.3681447e-01
   4.6183353e-01   1.8670555e-01   4.6157759e-01
   2.6001257e-01   6.0044112e-02   2.7001947e-01
   1.2443846e-01   1.7684533e-01   1.2765783e-01
   1.9947766e-01   7.8754803e-02   2.3561346e-01
   6.7207489e-02   1.2259431e-01   1.3113497e-01
   2.0617267e-01   1.3319918e-01   2.9920695e-01
   1.7704916e-01   1.5048562e-01   1.4439969e-01
   1.4042784e-01   1.4095658e-01   1.8168293e-01
   2.0675021e-01   1.3286365e-02   5.0295088e-01
   1.5087845e-01  -4.2520504e-01   2.0656570e-01
   3.0595154e-01   1.0869969e-01   3.3102352e-01
   1.3211498e-01  -1.3702131e-01   2.7336362e-01
   2.1693710e-01   5.2888570e-02   3.5998110e-01
   1.4501183e-01   1.3643792e-01   1.4131589e-01
   3.1909037e-01   2.0953951e-01   1.4880877e-01
   4.0258881e-01   3.4133322e-01   3.9313341e-01
   5.1530600e-01   2.2955384e-01   6.7571886e-01
   1.8675320e-01  -4.3497587e-02   2.0620046e-01
   2.1929791e-01   1.6902526e-01   1.6883518e-01
   3.0637575e-01   5.2082547e-02   2.4283988e-01
   7.1598591e-01   1.0811361e-01   7.5060050e-01
   2.5817802e-01   7.8686911e-02   2.6146366e-01
   5.9937610e-01   4.2588109e-02   6.3456362e-01
   4.0570091e-01   1.0454390e-01   2.7064334e-01
   2.6736410e-01  -1.7313726e-02   3.3837069e-01
   1.1155299e-01   6.5166003e-03   2.5062803e-01
   4.5668744e-01   1.7787113e-01   6.5133781e-01
   5.3050873e-01   1.1522434e-01   7.6612761e-01
   1.9289102e-01   3.1270714e-02   2.8904074e-01
   2.3766267e-01  -2.4920220e-02   2.3585107e-01
   2.3360458e-01   1.0182697e-02   1.3301582e-01
   6.3727391e-01   9.0555954e-02   7.7865002e-01
   3.4359324e-01   1.7324829e-02   3.5105290e-01
   4.3469471e-01   2.2198051e-01   6.7974693e-01
   7.0684029e-01   1.8856777e-01   6.7669630e-01
