   7.8160118e-01   3.2540813e-01   8.3640457e-01
   5.0709033e-01   3.8223572e-01   8.3500758e-01
   4.9976050e-01   5.8713449e-01   7.9265536e-01
   2.4733799e-01   1.5406665e-01   4.0462429e-01
   7.1572459e-01   8.2118047e-01   8.3078102e-01
   8.1237303e-01   7.3155935e-01   8.5001790e-01
   8.0511042e-01   5.4835600e-01   8.4288471e-01
   6.5527266e-01   2.1819235e-01   7.6188504e-01
   4.9577877e-01   1.8379013e-01   5.1936520e-01
   5.4477332e-01   1.6797449e-01   6.3259948e-01
   7.0884751e-01   3.4828542e-01   8.4594279e-01
   6.7327890e-01   3.0337289e-01   8.3772520e-01
   5.3245159e-01   2.4104306e-01   5.9227512e-01
   2.3562174e-01   2.4675738e-01   4.0483779e-01
   4.7001509e-01   4.5394906e-01   6.4757477e-01
   7.7156524e-01   3.3758535e-01   8.4413728e-01
   7.2347995e-01   1.9734719e-01   8.0776143e-01
   7.2637631e-01   1.5479000e-01   8.3826340e-01
   3.1561579e-01   2.3254014e-01   4.2374014e-01
   2.1363503e-01   8.1408655e-01   3.4682092e-01
   8.0162252e-01   2.3688019e-01   6.5307940e-01
   8.3810108e-01   3.7444322e-01   8.3841996e-01
   3.9996478e-01   1.3271511e-01   7.4637540e-01
   3.3791903e-01   1.0381452e-01   3.7688640e-01
   3.6406932e-01   2.8564127e-01   3.6838906e-01
   8.2220485e-01   2.8226206e-01   8.4517680e-01
   3.3118018e-01   2.0385649e-01   3.3801084e-01
   7.0432647e-01   2.9455053e-01   8.4425970e-01
   5.4312120e-01   5.7689974e-01   7.0858079e-01
   3.2233943e-01   2.4113657e-01   7.1851222e-01
   7.8797059e-01   4.4294989e-01   8.3079691e-01
   7.2559493e-01   6.9672315e-01   8.2782213e-01
   3.3871473e-01   1.8217699e-01   4.2029848e-01
   7.4334229e-01   2.5368156e-01   7.7894221e-01
   6.6762010e-01   2.3080936e-01   8.1516268e-01
   7.2620077e-01   4.5460166e-01   7.0834302e-01
   7.4589114e-01   6.2413072e-01   6.9307594e-01
   2.5017371e-01   1.4202714e-01   3.0532154e-01
   3.5262399e-01   2.6699474e-01   3.3364435e-01
   8.4414834e-01   3.7803232e-01   8.4796067e-01
   2.4360421e-01   3.3369324e-01   3.9785985e-01
   6.9962866e-01   5.9134253e-01   8.3676148e-01
   6.1194664e-01   3.4219936e-01   8.0269805e-01
   7.7563759e-01   4.7291704e-01   8.3741942e-01
   8.4406213e-01   5.3018983e-01   8.4649430e-01
   6.5819496e-01   1.3452588e-01   6.8653483e-01
   3.2369842e-01   2.2451158e-01   2.9242672e-01
   3.1898685e-01   2.8160376e-01   3.3559569e-01
   8.0386030e-01   4.7239622e-01   8.3265365e-01
   6.1296767e-01   2.5117170e-01   6.5388850e-01
   8.4363152e-01   7.9846112e-01   8.4696769e-01
   5.2653168e-01   3.9143460e-01   5.9813513e-01
   8.4560286e-01   5.2258149e-01   8.2829238e-01
   7.2561697e-01   3.8362585e-01   7.3304169e-01
   6.4912494e-01   2.1595523e-01   8.3265960e-01
   5.1407772e-01   2.8661950e-01   7.8526460e-01
   8.4810009e-01   2.5074899e-01   8.3870826e-01
   3.0463645e-01   2.7492227e-01   3.7203792e-01
   8.0098670e-01   7.4279460e-01   8.4339966e-01
   4.3512887e-01   4.2264790e-01   4.5868783e-01
   6.4300208e-01   6.8302227e-01   8.3733509e-01
   3.7145698e-01   1.0846384e-01   3.4851818e-01
   7.5745069e-01   4.6448737e-01   8.2414254e-01
   5.4796737e-01   3.2682282e-01   5.5086644e-01
   7.6653655e-01   1.9374652e-01   8.3979971e-01
   3.5534246e-01   2.4197917e-01   3.6754622e-01
   8.3754832e-01   3.2190282e-01   8.3462918e-01
   5.9270255e-01   5.0969807e-01   8.0204975e-01
   2.0220781e-01   3.2863382e-01   2.9351836e-01
   7.9494228e-01   7.0462815e-01   8.4410956e-01
   8.2628740e-01   6.1632799e-01   7.9944327e-01
   8.4624170e-01   1.4433230e-01   8.4489649e-01
   2.5951406e-01   1.4215709e-01   3.8035175e-01
   4.9667314e-01   2.4602958e-01   5.2511725e-01
   3.2265418e-01   2.6465047e-01   4.4851026e-01
   3.3949950e-01   3.9009597e-01   6.8198591e-01
   7.3105192e-01   3.6016294e-01   7.8777258e-01
   8.0164465e-01   3.2819147e-01   8.3591108e-01
   6.8604176e-01   2.4460681e-01   7.5277220e-01
   8.2691567e-01   6.4199308e-01   8.4310197e-01
   8.0601940e-01   2.2547467e-01   3.3847642e-01
   5.8183346e-01   3.0228705e-01   6.9014026e-01
   6.2227550e-01   3.1970978e-01   6.8104017e-01
   3.1402809e-01   4.5938772e-01   4.6222860e-01
   6.3208278e-01   2.2367361e-01   7.8744671e-01
   8.1232644e-01   3.3166685e-01   8.4540460e-01
   6.0452372e-01   2.7805171e-01   8.3157918e-01
   7.6975771e-01   4.1164204e-01   5.2875967e-01
   8.4732872e-01   6.6560267e-01   8.4911830e-01
   8.2444611e-01   4.5832780e-01   6.2542372e-01
   3.9020912e-01   2.7447391e-01   7.3753695e-01
   6.9727733e-01   1.7504752e-01   8.2301396e-01
   8.0668173e-01   1.2628090e-01   8.4350701e-01
   8.4817130e-01   3.4791090e-01   8.4615380e-01
   4.9609764e-01   2.2396306e-01   6.2457127e-01
   1.9620982e-01   2.9151924e-01   4.2124249e-01
   6.7411233e-01   4.9651392e-01   8.0992386e-01
   2.8363934e-01   4.6372108e-01   5.0131179e-01
   3.6579096e-01   2.6777342e-01   3.9773289e-01
   5.2102890e-01   3.3778006e-01   5.1884615e-01
