   7.5878263e-01   6.3346088e-01   8.4856274e-01
   6.9491196e-01   6.9768739e-01   8.1392348e-01
   8.2231017e-01   8.3932525e-01   8.3974610e-01
   8.4944934e-01   8.2601231e-01   8.4980781e-01
   7.2129911e-01   8.3553972e-01   8.2185288e-01
   8.1940014e-01   8.4650190e-01   8.1981608e-01
   6.6452875e-01   2.8504361e-01   8.2966521e-01
   8.0398532e-01   4.4704891e-01   8.3632244e-01
   8.4405070e-01   6.1310730e-01   8.3966861e-01
   8.4274800e-01   7.3741518e-01   8.4723740e-01
   8.2642126e-01   3.6776597e-01   8.2517812e-01
   8.5420025e-01   6.3710407e-01   8.5177761e-01
   6.4158511e-01   8.4711550e-01   8.2072539e-01
   8.0767690e-01   8.3092997e-01   7.8088605e-01
   8.3911941e-01   8.4666310e-01   8.4162725e-01
   8.4769885e-01   8.1002718e-01   8.4586479e-01
   8.0051928e-01   8.3571415e-01   8.3626024e-01
   8.3552923e-01   6.3985619e-01   8.4872316e-01
   7.8335828e-01   8.4049224e-01   8.3335089e-01
   7.7473722e-01   6.4296847e-01   8.2687398e-01
   7.9544366e-01   8.1501953e-01   8.5362357e-01
   7.5806995e-01   7.9836259e-01   8.3340374e-01
   8.4838099e-01   8.4674556e-01   8.5047865e-01
   7.6290949e-01   6.3883328e-01   8.3817756e-01
   8.1973447e-01   7.2741702e-01   8.4882985e-01
   7.8864606e-01   6.9635902e-01   8.3842820e-01
   6.9521514e-01   8.2150546e-01   7.9415109e-01
   7.4325639e-01   3.4528664e-01   8.1197839e-01
   8.4463244e-01   7.8516680e-01   8.4747192e-01
   8.3629012e-01   7.9121597e-01   8.4020843e-01
   4.9177610e-01   3.8353082e-01   5.6910831e-01
   7.1238342e-01   3.6087148e-01   8.4273937e-01
   7.4592034e-01   7.4240900e-01   7.7905981e-01
   8.4970307e-01   8.1579866e-01   8.4709509e-01
   8.4933217e-01   3.3209670e-01   8.5105776e-01
   7.3577954e-01   8.4649815e-01   6.9879422e-01
   8.4377772e-01   8.1056281e-01   8.4992117e-01
   7.7960360e-01   6.3706921e-01   8.2597483e-01
   7.8144556e-01   5.8274516e-01   8.2789715e-01
   8.2281552e-01   8.3678112e-01   8.1809486e-01
   7.2615561e-01   7.6249263e-01   8.2315816e-01
   7.2301233e-01   7.1640794e-01   8.2643192e-01
   8.3511369e-01   8.4138262e-01   8.4213359e-01
   8.4383116e-01   3.0328364e-01   8.5348590e-01
   8.2453670e-01   6.9891873e-01   8.5328774e-01
   7.8905501e-01   8.0126709e-01   8.4434346e-01
   7.7923548e-01   7.9331543e-01   8.4656167e-01
   7.6243576e-01   8.2357619e-01   8.4167826e-01
   6.4520845e-01   8.0472929e-01   8.0461091e-01
   8.5410438e-01   8.2806034e-01   8.5142018e-01
   8.4274800e-01   7.3741518e-01   8.4723740e-01
   8.2642126e-01   3.6776597e-01   8.2517812e-01
   8.5420025e-01   6.3710407e-01   8.5177761e-01
   8.4933217e-01   3.3209670e-01   8.5105776e-01
   8.3629012e-01   7.9121597e-01   8.4020843e-01
   4.9177610e-01   3.8353082e-01   5.6910831e-01
   7.8335828e-01   8.4049224e-01   8.3335089e-01
   7.7473722e-01   6.4296847e-01   8.2687398e-01
   7.9544366e-01   8.1501953e-01   8.5362357e-01
   7.5878263e-01   6.3346088e-01   8.4856274e-01
   6.9491196e-01   6.9768739e-01   8.1392348e-01
   8.2231017e-01   8.3932525e-01   8.3974610e-01
   8.4944934e-01   8.2601231e-01   8.4980781e-01
   7.2129911e-01   8.3553972e-01   8.2185288e-01
   8.1940014e-01   8.4650190e-01   8.1981608e-01
   8.1973447e-01   7.2741702e-01   8.4882985e-01
   7.8864606e-01   6.9635902e-01   8.3842820e-01
   6.9521514e-01   8.2150546e-01   7.9415109e-01
   6.6452875e-01   2.8504361e-01   8.2966521e-01
   8.0398532e-01   4.4704891e-01   8.3632244e-01
   8.4405070e-01   6.1310730e-01   8.3966861e-01
   7.5806995e-01   7.9836259e-01   8.3340374e-01
   8.4838099e-01   8.4674556e-01   8.5047865e-01
   7.6290949e-01   6.3883328e-01   8.3817756e-01
   8.4769885e-01   8.1002718e-01   8.4586479e-01
   8.0051928e-01   8.3571415e-01   8.3626024e-01
   8.3552923e-01   6.3985619e-01   8.4872316e-01
   7.1238342e-01   3.6087148e-01   8.4273937e-01
   7.4592034e-01   7.4240900e-01   7.7905981e-01
   7.4325639e-01   3.4528664e-01   8.1197839e-01
   8.4463244e-01   7.8516680e-01   8.4747192e-01
   8.0767690e-01   8.3092997e-01   7.8088605e-01
   8.3911941e-01   8.4666310e-01   8.4162725e-01
   7.6243576e-01   8.2357619e-01   8.4167826e-01
   6.4158511e-01   8.4711550e-01   8.2072539e-01
   7.3577954e-01   8.4649815e-01   6.9879422e-01
   8.4377772e-01   8.1056281e-01   8.4992117e-01
   7.7960360e-01   6.3706921e-01   8.2597483e-01
   7.8144556e-01   5.8274516e-01   8.2789715e-01
   8.3511369e-01   8.4138262e-01   8.4213359e-01
   7.8905501e-01   8.0126709e-01   8.4434346e-01
   7.2301233e-01   7.1640794e-01   8.2643192e-01
   8.4383116e-01   3.0328364e-01   8.5348590e-01
   8.2453670e-01   6.9891873e-01   8.5328774e-01
   8.4970307e-01   8.1579866e-01   8.4709509e-01
   8.2281552e-01   8.3678112e-01   8.1809486e-01
   7.7923548e-01   7.9331543e-01   8.4656167e-01
   7.2615561e-01   7.6249263e-01   8.2315816e-01
   7.9673913e-01   8.3299621e-01   8.2694414e-01
   8.5410438e-01   8.2806034e-01   8.5142018e-01
