   5.3690467e-01   2.0458995e-01   3.6133169e-01   4.1331736e-01
   8.4799687e-01   2.1661031e-01   8.4619201e-01   7.8982918e-01
   1.6020229e-01   1.1452629e-01   1.5733384e-01   1.9414167e-01
   8.4403173e-01   8.3358915e-01   8.4326704e-01   8.4345695e-01
   8.5253065e-01   8.4322781e-01   8.5096698e-01   8.5186757e-01
   8.3761133e-01   1.7650708e-01   8.3550663e-01   8.5083697e-01
   7.7872145e-01   5.4139291e-02   8.5047810e-01   7.9656199e-01
   8.4901747e-01   2.5990953e-01   8.5043596e-01   8.5196750e-01
   8.5718915e-01   8.5356117e-01   8.5566731e-01   8.5696942e-01
   5.4735976e-01   1.7128462e-01   5.7392463e-01   5.5315164e-01
   7.4154130e-01   8.3281475e-01   8.4262965e-01   8.1410171e-01
   8.2350394e-01   3.1607021e-01   8.2111099e-01   8.1339473e-01
   8.4662946e-01   4.0279565e-01   8.3426817e-01   8.3156645e-01
   7.5671540e-01   8.0184235e-01   8.3110185e-01   8.0327674e-01
   1.2572494e-01   1.3558635e-01   2.1056099e-01   1.6896668e-01
   2.2401898e-01   2.1735619e-01   2.5578486e-01   6.5159015e-01
   5.8110006e-01   8.5239522e-01   8.4558051e-01   6.8632190e-01
   8.5318686e-01   5.8444562e-01   8.5412684e-01   8.5595868e-01
   7.9878503e-01   7.9009698e-01   8.1678373e-01   7.7606670e-01
   1.3982546e-01   6.3389773e-01   1.6887273e-01   4.9427706e-01

