   8.4786044e-01   8.5251981e-01   8.4929926e-01
   8.5068505e-01   8.4995292e-01   8.4925543e-01
   8.5025065e-01   8.5201983e-01   8.5174873e-01
   8.4932611e-01   8.4896334e-01   8.4996768e-01
   6.1991823e-01   8.4708235e-01   8.4903033e-01
   8.3763208e-01   8.4999663e-01   8.4870552e-01
   8.5126930e-01   8.5003366e-01   8.4165162e-01
   8.5026556e-01   8.4781225e-01   8.5025950e-01
   8.4988250e-01   8.5137237e-01   8.4822963e-01
   8.5535748e-01   8.5370306e-01   8.5181834e-01
   8.4966679e-01   8.5140086e-01   8.1329153e-01
   7.6569989e-01   8.1628166e-01   8.4690757e-01
   8.3756432e-01   8.4638703e-01   8.4493958e-01
   8.5133558e-01   8.4753751e-01   8.5154392e-01
   7.3851405e-01   8.4121585e-01   8.5133701e-01
   8.5133681e-01   8.4975104e-01   8.4995776e-01
   8.4266594e-01   8.5238679e-01   8.5095801e-01
   7.2315542e-01   8.4290035e-01   8.4873952e-01
   8.4938886e-01   8.4102032e-01   8.4447464e-01
   8.5210546e-01   8.4685322e-01   8.4455313e-01
   8.3664566e-01   8.4865525e-01   8.3707462e-01
   8.3809583e-01   8.5360841e-01   8.5136442e-01
   7.3511127e-01   8.4788916e-01   8.3909360e-01
   8.1065843e-01   8.4470239e-01   8.5200220e-01
   7.5613899e-01   8.5185726e-01   8.4498294e-01
   8.4812366e-01   8.2444811e-01   8.4729969e-01
   8.4858132e-01   8.4585424e-01   8.2787984e-01
   8.5491793e-01   8.4872659e-01   8.4902082e-01
   8.3090271e-01   8.3332714e-01   8.4758368e-01
   8.4914442e-01   8.4129405e-01   8.4671220e-01
   8.0235601e-01   8.5055578e-01   8.4766328e-01
   8.4123002e-01   8.4846478e-01   8.4859917e-01
   8.4995598e-01   8.5221783e-01   6.3628388e-01
   8.5064356e-01   8.5029097e-01   8.5041934e-01
   8.5078386e-01   8.4898948e-01   8.5043666e-01
   8.3452388e-01   8.5044956e-01   8.4541235e-01
   8.3323793e-01   8.4814089e-01   8.4501261e-01
   8.5224073e-01   8.5258805e-01   8.5357445e-01
   8.4773906e-01   8.4694331e-01   8.1330139e-01
   7.0561846e-01   8.5133143e-01   8.4931531e-01
   8.3903208e-01   8.5149266e-01   7.4791181e-01
   7.5151755e-01   8.5303263e-01   8.5192088e-01
   7.6736443e-01   8.4674048e-01   8.5109702e-01
   8.3294089e-01   8.5149451e-01   8.5146098e-01
   8.4992159e-01   8.4774301e-01   8.4928085e-01
   6.7168516e-01   8.4591409e-01   8.1526147e-01
   8.2747795e-01   8.4587022e-01   8.5226594e-01
   8.5357491e-01   8.4270537e-01   8.4940547e-01
   8.4887575e-01   8.3509760e-01   8.5210830e-01
   8.0476375e-01   8.4154900e-01   8.3791792e-01
   8.3651840e-01   8.5316790e-01   8.4078702e-01
   8.5185396e-01   8.4868167e-01   8.4753665e-01
   8.4263899e-01   8.5123294e-01   6.9263342e-01
   8.4881866e-01   8.5159076e-01   8.4956667e-01
   8.4754842e-01   8.4747884e-01   8.4690926e-01
   8.5159130e-01   8.4781107e-01   8.4899533e-01
   7.8516463e-01   8.5289268e-01   8.3793231e-01
   8.4920147e-01   8.4961563e-01   8.5273384e-01
   8.0109622e-01   8.2491858e-01   8.3753520e-01
   8.3839377e-01   8.3859645e-01   8.3056851e-01
   8.5408288e-01   8.5010535e-01   7.7257473e-01
   8.5230330e-01   8.5152784e-01   8.5176109e-01
   7.9755367e-01   8.5322159e-01   8.1821786e-01
   8.5054424e-01   8.2487893e-01   8.5424335e-01
   8.5277951e-01   8.4881852e-01   8.4897234e-01
   7.3884642e-01   8.4666522e-01   8.5054904e-01
   8.1220770e-01   8.4085188e-01   8.4909336e-01
   8.5090032e-01   8.5155120e-01   8.4734722e-01
   8.4863816e-01   8.5014245e-01   8.4623482e-01
   8.4972394e-01   8.2979169e-01   8.4091717e-01
   8.4911491e-01   8.5255304e-01   8.5029325e-01
   8.1559610e-01   8.4976246e-01   8.4874269e-01
   8.4871404e-01   8.4960395e-01   8.4732381e-01
   8.4582364e-01   8.5313361e-01   8.5122650e-01
   8.4531157e-01   8.4996661e-01   6.1906324e-01
   8.5451248e-01   8.4356846e-01   8.0763020e-01
   8.5157941e-01   8.4649545e-01   8.5215501e-01
   8.1220477e-01   8.4720054e-01   8.5379812e-01
   8.5002661e-01   8.5137054e-01   8.5000488e-01
   8.5277488e-01   8.5003982e-01   8.5007026e-01
   8.3756078e-01   8.4302366e-01   8.4361740e-01
   8.4518611e-01   8.4595045e-01   8.4627591e-01
   8.5366805e-01   7.4639465e-01   8.3322197e-01
   8.4049758e-01   8.4558348e-01   8.4876564e-01
   8.4576443e-01   7.5289867e-01   8.4665092e-01
   8.5069893e-01   8.4874898e-01   8.4918870e-01
   8.4305741e-01   8.4611956e-01   8.4856682e-01
   8.4672443e-01   8.4646919e-01   8.4513917e-01
   8.2244085e-01   8.4309007e-01   8.5213811e-01
   8.4761609e-01   8.4495464e-01   8.4918259e-01
   8.5277846e-01   8.5012267e-01   8.4075621e-01
   6.9514869e-01   8.4595369e-01   8.4023142e-01
   8.0847495e-01   8.5257578e-01   8.3563366e-01
   8.3884716e-01   8.5045850e-01   8.5126211e-01
   8.5233017e-01   8.4877550e-01   8.4915833e-01
   8.5329933e-01   7.7627943e-01   6.2463489e-01
   7.4240586e-01   8.5088386e-01   8.4916356e-01
   8.4910394e-01   8.4106197e-01   8.4789052e-01
   8.5076362e-01   8.4757081e-01   8.4562083e-01
   8.0984196e-01   8.4785434e-01   8.5100051e-01
