   7.2465971e-01   2.4327566e-01   7.5999518e-01
   8.3075839e-01   2.4191569e-01   8.5138876e-01
   3.8215031e-01   2.1570181e-01   4.0553755e-01
   8.4476659e-01   2.0876674e-01   8.4446126e-01
   8.4823563e-01   8.4467716e-01   8.4839281e-01
   7.2295756e-01   1.1153869e-01   7.7417424e-01
   8.4170125e-01   3.0809156e-01   8.3836902e-01
   8.5380845e-01   7.3205886e-01   8.5188078e-01
   2.9129632e-01   1.2283377e-01   4.6957115e-01
   8.4334667e-01   8.2281391e-01   8.4208078e-01
   7.0945976e-01   8.5021643e-01   8.4337079e-01
   6.9360593e-01   8.4331019e-01   8.4943749e-01
   6.4599812e-01   2.9192894e-01   4.5951777e-01
   6.2988742e-01   8.5269787e-01   8.2419172e-01
   3.8109739e-01   2.0880845e-01   3.9948363e-01
   2.3023369e-01   1.3553991e-01   2.3128780e-01
   8.4228494e-01   4.4935937e-01   8.4123044e-01
   6.3411003e-01   8.4520761e-01   7.3491733e-01
   5.8400448e-01   6.2497011e-01   6.0686041e-01
   6.2955750e-01   2.3715289e-01   6.1561782e-01
   7.8473509e-01   1.6819075e-01   8.1404151e-01
   4.5568399e-01   3.2301439e-01   3.7340641e-01
   2.6850763e-01   1.5281737e-01   2.5834150e-01
   5.9157147e-01   2.7397268e-01   5.8783755e-01
   1.6256043e-01   1.3588370e-01   1.6334859e-01
   7.2910802e-01   1.9880813e-01   7.9930404e-01
   6.2499527e-01   3.7601457e-01   6.4636666e-01
   8.5236995e-01   4.4570033e-01   8.5190807e-01
   6.3060406e-01   4.6182577e-01   6.4334711e-01
   2.6236482e-01   2.0764177e-01   2.1621292e-01
   2.7067797e-01   1.7214740e-01   2.7698881e-01
   7.3198254e-01   8.5344145e-01   8.4035315e-01
   7.2601850e-01   8.5462837e-01   8.5131468e-01
   5.6673963e-01   2.6306735e-01   5.7389476e-01
   6.8598842e-01   2.7828918e-01   6.8702150e-01
   6.7484633e-01   3.0373322e-01   7.2420200e-01
   3.4444293e-01   1.7717943e-01   3.0120525e-01
   3.6263888e-01   1.4306768e-01   3.7255204e-01
   4.8290385e-01   4.1607200e-01   4.7076324e-01
   8.3963022e-01   8.1007730e-01   8.3723353e-01
   4.6699869e-01   2.6257048e-01   4.6688720e-01
   8.4955128e-01   8.5100958e-01   8.4938579e-01
   7.7209964e-01   3.1177322e-01   8.2660882e-01
   7.9437844e-01   4.0178145e-01   7.8035729e-01
   7.9113244e-01   7.0269417e-01   8.0764631e-01
   6.1244601e-01   1.5671065e-01   5.7791859e-01
   3.1714046e-01   1.6345559e-01   3.0805453e-01
   6.0223728e-01   8.5182920e-01   8.3813076e-01
   7.7953218e-01   8.2699560e-01   8.4973731e-01
   7.8152687e-01   8.4587028e-01   8.0559838e-01
   8.3938725e-01   2.5730992e-01   8.3953397e-01
   7.1975018e-01   2.9862071e-01   8.3476144e-01
   8.0277758e-01   1.7530904e-01   8.0392940e-01
   8.0152949e-01   2.7669459e-01   8.4660944e-01
   8.5624962e-01   8.3567726e-01   8.5534898e-01
   1.4123599e-01   1.3680322e-01   1.2934163e-01
   7.5482391e-01   8.3255619e-01   8.4605619e-01
   8.5194102e-01   8.4301050e-01   8.5126965e-01
   7.7905407e-01   3.1180841e-01   8.3044872e-01
   8.4806291e-01   8.3381404e-01   8.5283473e-01
   7.7442178e-01   4.1028469e-01   8.5077038e-01
   5.5730399e-01   1.6294107e-01   5.5691779e-01
   5.3390405e-01   6.5952528e-01   5.3749889e-01
   7.4798503e-01   2.8567951e-01   8.0768112e-01
   7.5005066e-01   7.0950159e-01   8.5231771e-01
   3.0771301e-01   1.0437969e-01   3.2220542e-01
   8.3470989e-01   3.0872962e-01   8.3483924e-01
   8.5139324e-01   1.3726121e-01   8.5081808e-01
   8.5163931e-01   8.5144915e-01   8.4977978e-01
   3.3918604e-01   2.0505932e-01   3.4503896e-01
   2.5499665e-01   1.8910096e-01   2.6290550e-01
   6.6887850e-01   8.5069793e-01   7.5269461e-01
   8.3934781e-01   6.2754740e-01   8.3789678e-01
   8.4330698e-01   3.3748487e-01   8.4070636e-01
   7.8491166e-01   6.3536985e-01   8.5119793e-01
   8.4956652e-01   5.5342667e-01   8.4700717e-01
   5.5515925e-01   2.7334784e-01   5.3553556e-01
   1.2771901e-01   7.4479688e-02   1.5371120e-01
   7.7840944e-01   8.4764179e-01   8.0752686e-01
   7.7273183e-01   8.4259543e-01   8.5226094e-01
   8.4012213e-01   2.1874082e-01   8.3862457e-01
   8.3974206e-01   2.0168694e-01   8.4536003e-01
   1.8244493e-01   1.7532782e-01   1.7841797e-01
   8.4558971e-01   5.9193066e-01   8.5046629e-01
   6.6845077e-01   8.5307139e-01   8.1578070e-01
   6.6943849e-01   1.3181101e-01   8.4652223e-01
   6.2337933e-01   6.8327738e-01   8.2788322e-01
   3.3931142e-01   2.2659887e-01   3.2812513e-01
   8.4849176e-01   6.5630446e-01   8.4668750e-01
   8.4412594e-01   3.8558353e-01   8.4081993e-01
   8.3009871e-01   1.7604501e-01   8.2919024e-01
   2.7361259e-01   9.7931548e-02   2.8511219e-01
   5.1298319e-01   1.4473833e-01   5.8421765e-01
   1.8661418e-01   1.2133495e-01   1.7978935e-01
   1.5667612e-01   2.5730919e-01   1.4453601e-01
   9.4012883e-02  -2.4927046e-01   1.0246993e-01
   8.2015240e-01   5.8566897e-01   8.5004914e-01
   8.4605039e-01   8.5076285e-01   8.4418050e-01
   4.0509831e-01   1.3698741e-01   4.0434919e-01
   1.2049529e-01   1.5199909e-01   1.3277371e-01
