   8.5670841e-01   8.4338125e-01   7.9984703e-01
   8.0554297e-01   8.3860416e-01   8.3612043e-01
   7.6865850e-01   8.4474831e-01   8.3157611e-01
   8.4223539e-01   8.4902086e-01   8.5092410e-01
   8.3648436e-01   7.9752165e-01   8.2558385e-01
   8.4733713e-01   8.4388387e-01   8.4935301e-01
   6.7343297e-01   5.9702238e-01   7.8695390e-01
   8.5669780e-01   8.2407559e-01   8.5568817e-01
   8.4664888e-01   8.4450095e-01   8.4410822e-01
   7.8084544e-01   8.5097880e-01   8.4253759e-01
   8.4024042e-01   8.4511590e-01   8.4777820e-01
   8.5033294e-01   8.4507849e-01   8.1086405e-01
   8.4682982e-01   8.4564289e-01   8.4674793e-01
   8.4961175e-01   8.4534319e-01   7.3658595e-01
   8.5011239e-01   8.5187427e-01   8.2917902e-01
   8.4461365e-01   6.2132206e-01   8.3325750e-01
   8.4724615e-01   5.9964803e-01   3.7371751e-01
   8.5199618e-01   8.4912144e-01   8.0901235e-01
   4.1109205e-01   8.5037620e-01   8.2589517e-01
   8.4437016e-01   8.5368571e-01   8.4568932e-01
   2.4270045e-01   4.3231124e-01   4.3615950e-01
   7.8368973e-01   8.5264430e-01   7.2923350e-01
   8.3604771e-01   8.3724064e-01   8.3112485e-01
   8.4888460e-01   8.5019051e-01   8.5043177e-01
   8.4262296e-01   8.3810216e-01   8.5191688e-01
   8.5103999e-01   8.4965227e-01   8.5212579e-01
   8.4746456e-01   2.8765043e-01   8.0866744e-01
   8.2622867e-01   8.4544115e-01   8.3702049e-01
   7.8435795e-01   8.4952264e-01   7.0419876e-01
   8.2012858e-01   8.4534422e-01   8.4765324e-01
   7.8210694e-01   8.5309578e-01   8.3124311e-01
   8.2838462e-01   8.4687256e-01   8.5275269e-01
   7.6670980e-01   8.4877052e-01   8.5136362e-01
   8.4123316e-01   8.4862804e-01   5.3395738e-01
   8.5002660e-01   8.5057029e-01   8.3123960e-01
   2.8272651e-01   3.5236545e-01   5.6115035e-01
   7.1798221e-01   8.3228202e-01   8.4858885e-01
   8.5126031e-01   3.3502826e-01   8.4984125e-01
   8.4741846e-01   6.5635211e-01   8.4712196e-01
   4.8038802e-01   6.0210372e-01   8.4717985e-01
   8.5120362e-01   8.4681302e-01   8.4498890e-01
   7.8357591e-01   8.4980056e-01   5.1953788e-01
   8.4949755e-01   8.4536160e-01   8.4431060e-01
   8.4402775e-01   8.2705303e-01   8.4380887e-01
   8.5235725e-01   8.4867252e-01   8.4983469e-01
   8.4319927e-01   8.4582493e-01   6.5601381e-01
   8.4764138e-01   8.3050213e-01   8.3584353e-01
   7.1121389e-01   6.6206301e-01   8.2452391e-01
   7.4083571e-01   6.3150356e-01   8.3816017e-01
   6.0181947e-01   8.5218959e-01   7.6341640e-01
   7.6163592e-01   8.2125446e-01   8.5300822e-01
   8.3257360e-01   8.3629826e-01   8.5230281e-01
   6.5999576e-01   7.0625316e-01   8.4422350e-01
   7.5816195e-01   8.4595661e-01   8.4330031e-01
   8.3972053e-01   8.4866070e-01   8.4282228e-01
   8.4625377e-01   8.4693829e-01   8.4399562e-01
   8.3156299e-01   8.4656227e-01   8.3838273e-01
   8.1954446e-01   5.6729187e-01   8.4851975e-01
   8.5262047e-01   8.4549814e-01   6.3029718e-01
   8.4852956e-01   8.5117278e-01   8.5419583e-01
   8.4609520e-01   8.5341702e-01   8.4729030e-01
   8.5408171e-01   7.0770420e-01   8.4319063e-01
   8.4906387e-01   8.5027056e-01   8.3880292e-01
   8.5456204e-01   8.4772784e-01   8.4340915e-01
   7.6076037e-01   8.2727577e-01   8.2903994e-01
   6.4843578e-01   8.4139365e-01   6.1599872e-01
   7.4602824e-01   8.4422895e-01   8.1008492e-01
   8.1217747e-01   8.4114200e-01   8.4665601e-01
   7.1519015e-01   8.4869649e-01   8.5200750e-01
   8.5126611e-01   8.4821428e-01   8.4762698e-01
   8.3796783e-01   8.3921585e-01   8.4368687e-01
   3.7181650e-01   6.3466874e-01   8.4855707e-01
   8.3903252e-01   8.5382029e-01   8.4893999e-01
   8.4573636e-01   8.5017400e-01   8.4418741e-01
   8.4882776e-01   8.4400078e-01   8.4884439e-01
   5.4901713e-01   5.8508623e-01   8.4965210e-01
   8.3819104e-01   8.4219876e-01   8.3724302e-01
   8.4612809e-01   8.5335196e-01   8.5249782e-01
   6.2160378e-01   8.5115269e-01   8.4780785e-01
   8.4170684e-01   8.4478874e-01   8.3506119e-01
   8.5282130e-01   8.4684878e-01   8.5047894e-01
   8.4474691e-01   8.5507591e-01   7.7886305e-01
   3.2437891e-01   8.1017659e-01   3.6988384e-01
   4.2203847e-01   8.3562314e-01   8.4834782e-01
   7.3340695e-01   8.4331414e-01   8.4265949e-01
   8.5337449e-01   8.5058890e-01   8.5483907e-01
   5.8455531e-01   6.2103388e-01   6.5762156e-01
   8.2514498e-01   3.1533416e-01   8.4680810e-01
   8.0865258e-01   8.4770178e-01   8.5030168e-01
   8.3245803e-01   7.0177773e-01   8.2641025e-01
   6.2080648e-01   6.5437009e-01   8.4364819e-01
   6.6355386e-01   2.9572457e-01   5.7682733e-01
   8.5296818e-01   8.4857503e-01   8.5042151e-01
   4.5760860e-01   4.3347328e-01   3.5929531e-01
   7.3504524e-01   8.4795666e-01   7.7200639e-01
   8.4275418e-01   8.3922685e-01   8.1494819e-01
   6.7954138e-01   8.5013085e-01   8.4877659e-01
   8.0220683e-01   8.5097463e-01   8.4857929e-01
   8.4419579e-01   8.4931394e-01   8.5157645e-01
   8.5109528e-01   8.5306314e-01   8.4903269e-01
