   8.5005971e-01   8.4167365e-01   7.8620150e-01
   8.4798079e-01   8.3514181e-01   8.4236789e-01
   8.4159884e-01   7.8149043e-01   6.9385995e-01
   8.5368189e-01   8.4470880e-01   8.5017058e-01
   8.3873051e-01   8.4157665e-01   8.4977578e-01
   8.3124622e-01   8.3925256e-01   7.7978914e-01
   8.4298501e-01   7.8824796e-01   8.4130333e-01
   8.3684120e-01   8.5164093e-01   8.2144824e-01
   8.1886899e-01   8.4210025e-01   8.4577471e-01
   8.0788128e-01   8.0608830e-01   8.3307508e-01
   8.3154832e-01   8.4903920e-01   8.3560203e-01
   8.0426090e-01   8.4756595e-01   8.4299104e-01
   7.3389946e-01   8.5021190e-01   8.5048442e-01
   8.3767462e-01   8.3944785e-01   8.3811858e-01
   8.4435753e-01   8.4887716e-01   8.4480359e-01
   8.4466332e-01   8.3928764e-01   8.1100070e-01
   7.3926874e-01   8.5164632e-01   8.5291588e-01
   3.8289135e-01   8.4543626e-01   7.4262485e-01
   8.4871421e-01   7.6728861e-01   8.4008104e-01
   8.4624563e-01   8.4871977e-01   8.4544668e-01
   8.2657602e-01   8.5070555e-01   8.0509452e-01
   8.5232285e-01   8.5174479e-01   8.5335452e-01
   8.5167971e-01   8.4337189e-01   8.4172719e-01
   8.0789734e-01   8.5166630e-01   8.4945260e-01
   8.3686403e-01   8.4115792e-01   8.3905266e-01
   8.4377873e-01   8.4669812e-01   8.5030434e-01
   8.5289879e-01   8.3690591e-01   8.4980700e-01
   7.4867658e-01   8.1999049e-01   8.3711156e-01
   8.4873682e-01   8.4849708e-01   8.4903117e-01
   7.0785542e-01   8.3594153e-01   8.5051378e-01
   7.9548040e-01   8.4544308e-01   8.4642278e-01
   8.1749258e-01   8.5055116e-01   8.1697377e-01
   8.3918331e-01   8.3508362e-01   7.9918355e-01
   6.6274441e-01   8.3944665e-01   8.4383063e-01
   8.1807881e-01   8.3758224e-01   4.1165738e-01
   8.1762329e-01   8.5271687e-01   8.4811455e-01
   8.4340361e-01   8.4978568e-01   8.4807329e-01
   7.4449318e-01   8.5177767e-01   8.4750301e-01
   8.3365098e-01   7.6875482e-01   8.3521936e-01
   7.9998155e-01   8.5169514e-01   8.4640265e-01
   8.4979251e-01   8.4636053e-01   8.4636153e-01
   8.1038790e-01   8.5164922e-01   8.5302210e-01
   7.1664729e-01   8.4599126e-01   6.2589342e-01
   7.5098445e-01   8.2509382e-01   8.4712223e-01
   8.2567273e-01   8.3308480e-01   6.5002450e-01
   8.1327015e-01   8.4860478e-01   8.4046341e-01
   8.5007871e-01   8.3841250e-01   8.4972014e-01
   8.5351486e-01   8.5185616e-01   8.5498716e-01
   8.5176148e-01   8.4533927e-01   8.5014052e-01
   5.4814559e-01   7.2488692e-01   4.6798237e-01
   7.7562224e-01   8.5050956e-01   8.5050872e-01
   5.2198969e-01   8.3186388e-01   6.0789122e-01
   7.3386174e-01   8.5269218e-01   8.3293125e-01
   8.4901251e-01   8.5369156e-01   8.2836030e-01
   8.5218090e-01   8.5158032e-01   8.4202273e-01
   8.4198964e-01   8.1996089e-01   8.2555345e-01
   7.6633892e-01   8.4304913e-01   8.2063957e-01
   8.5194440e-01   8.4911141e-01   8.5202009e-01
   8.2973838e-01   7.9851392e-01   6.7175347e-01
   7.4926946e-01   8.4781739e-01   8.5142825e-01
   8.4434022e-01   8.4968803e-01   8.4686242e-01
   8.4737376e-01   8.4908069e-01   8.4418037e-01
   7.6730030e-01   2.8900709e-01   8.4490630e-01
   8.4570127e-01   8.3350823e-01   8.4550759e-01
   7.7898384e-01   8.4631446e-01   8.4952574e-01
   8.5169786e-01   8.5267363e-01   8.5335708e-01
   8.4308542e-01   8.3615480e-01   8.3277123e-01
   8.3617314e-01   8.4211852e-01   7.7535439e-01
   8.3890250e-01   8.2411617e-01   8.4367841e-01
   8.5164404e-01   8.5088556e-01   8.4635575e-01
   8.4659820e-01   8.4182610e-01   8.5007294e-01
   3.6128494e-01   3.0457993e-01   3.3707556e-01
   4.3575132e-01   8.0713496e-01   8.4987058e-01
   8.4843909e-01   8.5268275e-01   8.4660561e-01
   7.9691447e-01   8.5141923e-01   8.1215855e-01
   8.5332311e-01   8.5240468e-01   8.0704480e-01
   5.9842622e-01   8.4338350e-01   7.9291224e-01
   8.3000486e-01   8.4861538e-01   8.4602132e-01
   6.5018071e-01   8.5254749e-01   8.2683792e-01
   7.3226382e-01   8.3397179e-01   8.3986336e-01
   8.4324284e-01   8.3532061e-01   8.2523306e-01
   8.4684460e-01   7.5933586e-01   8.4798408e-01
   8.4677056e-01   8.3578244e-01   8.4599706e-01
   8.4715797e-01   8.5323217e-01   8.4179719e-01
   6.2741094e-01   7.0693798e-01   6.5614652e-01
   7.2433917e-01   8.4004222e-01   8.4871555e-01
   6.0344029e-01   5.6556206e-01   8.4867146e-01
   4.9326223e-01   3.4673790e-01   6.2500367e-01
   8.5526242e-01   8.5214696e-01   8.4966613e-01
   8.4704770e-01   8.5051691e-01   8.4225085e-01
   7.2263403e-01   8.3295582e-01   8.3461204e-01
   8.4740642e-01   8.4537583e-01   8.4935088e-01
   5.6836004e-01   5.7394555e-01   4.5589630e-01
   8.1719030e-01   8.2878072e-01   8.4778454e-01
   7.9983628e-01   8.4166317e-01   8.5122991e-01
   8.5030545e-01   6.8794893e-01   8.5024799e-01
   8.5087451e-01   8.4819452e-01   8.4619988e-01
   8.5177612e-01   8.4303398e-01   6.5648174e-01
   7.5439769e-01   7.4982101e-01   7.5265002e-01
   8.5000058e-01   8.4691457e-01   5.1623840e-01
