   8.4081738e-01   8.3750081e-01   8.3586802e-01
   7.7273611e-01   8.3651575e-01   8.2244656e-01
   8.4103210e-01   8.4659704e-01   8.4190212e-01
   8.4477434e-01   8.2906014e-01   8.1251380e-01
   8.4567103e-01   8.4916973e-01   8.4265981e-01
   5.4875630e-01   8.5312276e-01   8.4976056e-01
   8.4918138e-01   8.4983085e-01   8.2912564e-01
   8.4872182e-01   8.5083266e-01   8.5136661e-01
   8.5042281e-01   8.3646981e-01   8.4218185e-01
   8.4109316e-01   8.4444284e-01   8.4640922e-01
   7.5832811e-01   8.5084220e-01   8.5172251e-01
   8.3050080e-01   8.4253280e-01   8.4872938e-01
   8.5214729e-01   8.5054566e-01   8.5122976e-01
   8.4954790e-01   8.2945384e-01   8.5163430e-01
   8.4618666e-01   8.3278520e-01   8.4066602e-01
   7.8980393e-01   8.0238347e-01   8.4091068e-01
   8.4930582e-01   8.5136002e-01   8.4443989e-01
   8.0773379e-01   8.4731272e-01   8.5235446e-01
   7.4111166e-01   8.4817314e-01   8.4864798e-01
   7.7231447e-01   8.5068998e-01   8.3432806e-01
   5.8368029e-01   8.4983730e-01   8.4562806e-01
   8.3162654e-01   8.4569055e-01   8.4429786e-01
   7.8575393e-01   8.4552957e-01   8.4935760e-01
   7.0875895e-01   7.7906583e-01   8.4582036e-01
   8.3558034e-01   8.2920838e-01   8.4754136e-01
   8.5224015e-01   8.4955252e-01   8.4795503e-01
   8.4711033e-01   8.4769457e-01   8.4978654e-01
   7.7225471e-01   8.4821445e-01   8.5075369e-01
   6.5256359e-01   8.3636008e-01   2.9130703e-01
   7.8888386e-01   8.5249578e-01   8.1833049e-01
   7.5807999e-01   8.3440359e-01   8.4258063e-01
   8.2165569e-01   8.5042780e-01   8.3886863e-01
   8.4936471e-01   8.4605290e-01   8.4866928e-01
   8.4553980e-01   8.4516886e-01   8.3918711e-01
   8.2270941e-01   8.4098918e-01   8.4704434e-01
   8.5134801e-01   8.4785580e-01   8.4863129e-01
   8.5459055e-01   8.4718431e-01   7.6720383e-01
   8.4350435e-01   8.5103937e-01   8.4273455e-01
   8.0096254e-01   8.5133838e-01   8.4500060e-01
   8.5268861e-01   8.5092566e-01   8.4622002e-01
   8.3678670e-01   6.9720109e-01   8.4593959e-01
   8.5479428e-01   8.5354161e-01   8.5124492e-01
   8.5092484e-01   8.4734569e-01   8.3987605e-01
   8.5402882e-01   8.5388999e-01   8.4777471e-01
   8.4983220e-01   8.4842171e-01   8.2899146e-01
   7.3463074e-01   8.4789619e-01   8.5048820e-01
   8.4196857e-01   8.4513315e-01   8.2425519e-01
   8.3237416e-01   8.4474979e-01   7.4211936e-01
   8.0871625e-01   8.4013017e-01   8.5139792e-01
   8.3282147e-01   8.2912517e-01   8.3606103e-01
   8.4973029e-01   8.5034673e-01   8.3549793e-01
   8.4860100e-01   8.3942666e-01   8.3535032e-01
   8.4407459e-01   8.5052645e-01   8.4633414e-01
   5.9762048e-01   8.2600636e-01   8.5381663e-01
   6.7266503e-01   8.4321376e-01   8.1847503e-01
   8.3713393e-01   8.4123330e-01   8.3837936e-01
   8.5343521e-01   8.4499124e-01   4.5848384e-01
   7.0699881e-01   8.5178856e-01   8.5129272e-01
   6.8434822e-01   8.4641206e-01   8.1298441e-01
   8.2215931e-01   8.4094268e-01   8.3470262e-01
   8.4997433e-01   8.4957883e-01   8.4371193e-01
   7.7517968e-01   8.5346227e-01   8.4833144e-01
   6.5108756e-01   8.4862797e-01   6.5352257e-01
   8.5404993e-01   8.5303391e-01   8.4163371e-01
   8.4919915e-01   8.5248717e-01   8.4675880e-01
   8.5235848e-01   8.3002680e-01   8.5222965e-01
   8.4994004e-01   8.4675592e-01   6.4968740e-01
   8.2774681e-01   8.2698141e-01   8.2542749e-01
   8.5370326e-01   8.5295715e-01   8.5229140e-01
   8.2967906e-01   8.5151300e-01   8.4997897e-01
   7.6427469e-01   8.5273797e-01   8.4581109e-01
   8.5282166e-01   8.4624205e-01   8.3210318e-01
   8.4263741e-01   8.4937461e-01   8.4315254e-01
   8.5319400e-01   8.4845998e-01   7.8554549e-01
   5.2087047e-01   5.9408300e-01   6.1441074e-01
   7.9456390e-01   8.4984789e-01   8.4992885e-01
   7.3320515e-01   8.5021713e-01   8.4457069e-01
   7.3280279e-01   8.1536459e-01   8.4870469e-01
   8.4969743e-01   8.5087311e-01   8.4806695e-01
   8.4717184e-01   8.1773301e-01   8.4603364e-01
   8.4772160e-01   8.4612515e-01   8.4765413e-01
   6.1188957e-01   8.4852155e-01   8.4620773e-01
   8.4567662e-01   8.2940819e-01   8.0355920e-01
   8.4851343e-01   6.0269377e-01   8.4695355e-01
   8.4532237e-01   8.4900358e-01   8.4793212e-01
   8.4807926e-01   8.3584474e-01   6.7609541e-01
   7.0598040e-01   8.5208906e-01   8.2775425e-01
   8.2218614e-01   8.4905451e-01   8.4230362e-01
   7.5276839e-01   8.3789595e-01   8.5028821e-01
   8.4800407e-01   8.4697969e-01   7.8765513e-01
   8.4722981e-01   8.4922121e-01   8.5081192e-01
   8.0806848e-01   8.0869339e-01   8.5081140e-01
   8.2800117e-01   8.3567514e-01   7.7561718e-01
   8.3619500e-01   8.4908928e-01   8.4956358e-01
   8.4111356e-01   8.5054816e-01   8.5017753e-01
   8.4614292e-01   8.4095742e-01   8.3683438e-01
   8.2895196e-01   8.5059366e-01   8.4634924e-01
   8.1960216e-01   8.4622917e-01   8.4987120e-01
   8.5029752e-01   8.3858806e-01   8.4483557e-01
   8.5382116e-01   8.4251667e-01   8.3904641e-01
