   2.9637524e-01  -4.0574123e-01   3.0018721e-01
   5.4787662e-01   1.6526284e-01   5.4328412e-01
   1.8135329e-01   8.9951773e-02   1.8293933e-01
   7.2503250e-01   4.7198750e-01   8.3419925e-01
   1.8777737e-01   1.9809235e-01   1.6353161e-01
   8.4346219e-01   3.4559169e-01   8.4266754e-01
   1.9734549e-01   1.0043701e-01   2.0495791e-01
   2.2617684e-01   1.1291795e-01   2.3906353e-01
   7.9502092e-01   4.0968724e-01   8.4105593e-01
   5.6657767e-01   1.7696262e-01   5.7115440e-01
   9.2541047e-02   1.5369645e-01   1.1610010e-01
   5.3799480e-01   2.1693839e-01   5.3918228e-01
   1.0624566e-01  -2.3887532e-01   1.1759202e-01
   5.1087758e-01   1.9822380e-01   5.4909893e-01
   4.7962831e-01   5.2039043e-01   4.9452803e-01
   8.3080775e-01   4.3591260e-01   8.4667090e-01
   5.8903236e-01  -2.7457185e-01   5.8179980e-01
   8.5364008e-01   1.0759421e-01   8.5124324e-01
   6.5167297e-01   1.9772486e-01   6.6011936e-01
   6.5711705e-01   2.0698393e-01   6.4826715e-01
   3.4996964e-01   4.2262160e-01   3.1681497e-01
   1.6741038e-01   7.1183742e-02   1.6002867e-01
   8.2082444e-01   2.5283229e-01   8.4541251e-01
   3.0470325e-01   2.8288379e-01   3.1378582e-01
   6.0283763e-01   2.1903068e-01   6.1519268e-01
   9.8338041e-02   2.4660616e-01   1.1153208e-01
   1.2312292e-01  -5.5135750e-02   1.2657572e-01
   5.1176184e-01   3.1093129e-01   6.1804304e-01
   2.0030640e-01   1.8624374e-01   2.2041418e-01
   5.8958283e-01   2.8987761e-01   5.8174993e-01
   8.0021234e-02   1.2421398e-01   8.7037112e-02
   1.3483677e-01   1.8118303e-01   1.4466214e-01
   6.5033828e-01  -2.5623147e-01   6.5292241e-01
   8.4208616e-02   1.6149772e-01   8.9805869e-02
   1.4639099e-01   1.0540192e-01   1.6820191e-01
   1.5471318e-01   5.0283812e-02   1.5053445e-01
   1.2946364e-01   5.8631463e-02   1.2446923e-01
   5.6018707e-01   1.8322050e-01   5.5361198e-01
   8.4964587e-01   9.9355132e-02   8.4638391e-01
   1.0497411e-01   3.1042396e-01   1.0604457e-01
   2.7097022e-01   1.2806172e-01   4.3762824e-01
   6.7567340e-01   3.4607614e-01   6.8078185e-01
   5.8103188e-01   3.4632097e-01   5.8436985e-01
   4.0786058e-01   5.0091492e-02   4.0355909e-01
   1.4027086e-01   2.1532841e-02   1.4356437e-01
   6.7560215e-01   1.1505437e-01   6.6820641e-01
   2.9338959e-01   2.1970022e-01   2.9629032e-01
   6.1385276e-01   6.9234178e-01   6.1108610e-01
   4.8398932e-01   5.8003430e-01   5.3345203e-01
   8.2694391e-01   8.5035315e-01   8.5517153e-01
   2.7426215e-01   3.3913903e-01   5.1657502e-01
   2.4243544e-01   1.1845994e-01   2.2812154e-01
   1.4564455e-01   8.8859906e-02   1.4652983e-01
   6.0947249e-01   8.5268550e-01   6.5369959e-01
   2.5324686e-01   2.8092242e-01   2.9337801e-01
   8.3413830e-03  -3.5653198e-01   1.8256465e-02
   8.5310407e-01   1.8154630e-01   8.5319755e-01
   8.4816147e-01   1.0393681e-01   8.4666106e-01
   2.9746593e-01   7.5608851e-02   3.0467092e-01
   8.3458795e-01   9.6464374e-02   8.3345232e-01
   5.9158402e-01   6.3816612e-02   5.9477070e-01
   6.0237405e-01   5.8432922e-02   5.8711596e-01
   1.3487473e-01   7.8360390e-02   1.1665360e-01
   1.6571689e-01   4.4588268e-02   1.8392781e-01
   4.3931210e-01   9.3508390e-02   4.6803907e-01
   3.0943387e-01   2.8408324e-01   3.2316393e-01
   1.0970230e-01   4.9608816e-01   1.1694842e-01
   8.5019178e-01   6.7552050e-01   8.4923797e-01
   8.4477950e-01   3.2128718e-01   8.4545060e-01
   4.9265968e-01   2.9984935e-01   4.8525841e-01
   1.0803918e-01   1.6968754e-01   1.2347310e-01
   6.2417981e-01   1.6092189e-01   6.3711104e-01
   5.2865227e-01   1.4896935e-01   5.3817829e-01
   2.7258606e-01   1.9940510e-01   2.7982737e-01
   8.4642001e-01   1.8748709e-01   8.4821463e-01
   2.4129269e-01   1.4807227e-01   2.0856634e-01
   1.9380824e-01   1.6668931e-01   1.5738843e-01
   7.4946664e-01   6.0105556e-02   7.8177230e-01
   1.7062831e-01   6.9544777e-02   1.7601566e-01
   6.2066649e-01   9.8866412e-02   6.5739572e-01
   1.2165662e-01   8.4009105e-02   1.2808528e-01
   2.3274165e-01   4.8564689e-02   2.2976350e-01
   5.3624553e-01   2.6942417e-01   5.3200699e-01
   1.5127460e-01   1.3613527e-01   1.5226363e-01
   7.6473216e-01   4.9473870e-01   8.4653397e-01
   1.0421882e-01   1.1532694e-01   8.8975591e-02
   8.4499591e-01   2.2204981e-01   8.3953528e-01
   6.5559280e-01   5.6846649e-01   6.7417168e-01
   6.1483219e-01   1.2537769e-01   6.0314709e-01
   8.5155026e-01   3.4272224e-01   8.4959525e-01
   6.6585086e-01   7.0467151e-01   8.5478609e-01
   2.2925625e-01   1.0498273e-01   2.2431151e-01
   3.3031654e-01   8.7074531e-02   3.2958655e-01
   2.4105498e-01   1.9426192e-01   2.4975226e-01
   5.9983038e-01   6.1551288e-01   5.9842735e-01
   5.5039372e-01   6.2245702e-01   5.8120959e-01
   1.6557652e-01  -3.2332530e-01   1.7750708e-01
   8.0568568e-01   8.2837173e-02   8.3926066e-01
   1.0709262e-01   7.5931491e-02   1.0378599e-01
   8.5353228e-01   8.2610537e-01   8.5170457e-01
