   8.5063595e-01   8.4158743e-01   8.5136445e-01
   8.5144557e-01   8.4863112e-01   8.3869765e-01
   8.4672408e-01   8.4856664e-01   8.4909889e-01
   7.9070779e-01   8.4419975e-01   8.4136751e-01
   7.2805295e-01   7.8520678e-01   8.3906486e-01
   8.4621148e-01   8.4716646e-01   8.3570591e-01
   8.5245039e-01   8.5151569e-01   8.4294157e-01
   8.5388878e-01   8.5165718e-01   8.4448842e-01
   5.6749988e-01   8.2079303e-01   8.2390710e-01
   8.3972812e-01   8.4664410e-01   8.4680983e-01
   8.4961663e-01   8.4507117e-01   8.4096403e-01
   8.5169738e-01   8.5170678e-01   8.4671595e-01
   8.5234435e-01   7.7231825e-01   8.5429261e-01
   8.4424927e-01   8.5040106e-01   8.4593952e-01
   8.4707658e-01   8.4696779e-01   8.5194756e-01
   8.3036472e-01   8.4849828e-01   8.3881985e-01
   8.4827734e-01   8.4075914e-01   8.3181638e-01
   5.5248621e-01   5.9188593e-01   2.8855606e-01
   8.0205686e-01   8.4496276e-01   8.5104770e-01
   8.5156386e-01   8.5203238e-01   8.4284262e-01
   8.5035622e-01   8.4926093e-01   8.4558465e-01
   7.9228617e-01   8.5043142e-01   8.5040153e-01
   7.3863781e-01   8.4179838e-01   8.2931167e-01
   8.2924624e-01   8.4479357e-01   8.4742994e-01
   6.4735702e-01   4.9984778e-01   6.4922705e-01
   8.2031789e-01   8.5000375e-01   8.5113918e-01
   8.4575503e-01   8.4310161e-01   8.0082116e-01
   8.5132063e-01   8.5091468e-01   8.4528519e-01
   5.6565190e-01   8.4337680e-01   8.3794642e-01
   7.1310232e-01   8.5120130e-01   8.0714592e-01
   7.7589577e-01   8.3173895e-01   8.4658113e-01
   8.1018553e-01   8.5289230e-01   8.4913594e-01
   8.5034816e-01   8.4452995e-01   8.4291085e-01
   8.4237518e-01   8.4168381e-01   8.4289371e-01
   7.0525489e-01   7.2885364e-01   8.0312313e-01
   8.3291437e-01   8.4835075e-01   8.0896139e-01
   8.5152361e-01   8.4831027e-01   8.4884663e-01
   8.2655864e-01   8.2872906e-01   7.0973729e-01
   8.5385392e-01   8.4922131e-01   8.4765732e-01
   8.5107497e-01   8.4250955e-01   8.2321112e-01
   8.4691496e-01   8.4333406e-01   8.4941007e-01
   7.1343115e-01   8.2958898e-01   8.4696258e-01
   7.4747019e-01   8.4965556e-01   8.4872595e-01
   8.5522153e-01   8.5037050e-01   7.3035706e-01
   8.5306837e-01   8.4948695e-01   8.5214922e-01
   8.4496276e-01   8.5007029e-01   8.4193033e-01
   8.4197598e-01   6.0694916e-01   8.4394755e-01
   7.7565560e-01   8.4787712e-01   8.3842699e-01
   7.1409138e-01   8.4966151e-01   8.1195585e-01
   8.4547943e-01   8.5262451e-01   8.4787980e-01
   8.0840958e-01   8.4823781e-01   8.4863143e-01
   6.1623516e-01   8.1350792e-01   8.5037701e-01
   8.4878731e-01   8.5164016e-01   8.4783747e-01
   6.1323441e-01   8.4161294e-01   8.3765004e-01
   8.5076785e-01   8.5369088e-01   8.5117572e-01
   8.4234023e-01   8.4627185e-01   8.5213055e-01
   8.5262816e-01   8.4744973e-01   8.5040691e-01
   8.0878709e-01   8.4911147e-01   8.5216985e-01
   7.8439066e-01   8.4547097e-01   8.5339855e-01
   8.3495016e-01   8.4433525e-01   8.4545044e-01
   8.2077243e-01   8.4671828e-01   8.3734997e-01
   8.5225042e-01   8.4464582e-01   8.4005767e-01
   7.4297586e-01   8.5460814e-01   8.4737171e-01
   8.4798830e-01   8.5148477e-01   8.4091089e-01
   8.2122301e-01   8.4271317e-01   8.3763048e-01
   7.7027176e-01   8.5249490e-01   8.5268765e-01
   7.4596480e-01   8.4013762e-01   8.4476329e-01
   8.5304308e-01   8.5110357e-01   8.5165276e-01
   8.5099304e-01   8.4505283e-01   8.4643345e-01
   7.3964327e-01   8.5006082e-01   8.4990490e-01
   7.7587629e-01   8.4882865e-01   8.4146531e-01
   7.3630469e-01   8.4461401e-01   7.9789628e-01
   8.4838249e-01   8.5077408e-01   8.3898721e-01
   8.5001599e-01   8.3702234e-01   8.4498080e-01
   8.4963694e-01   8.2540178e-01   8.4591434e-01
   8.5130240e-01   8.4310035e-01   8.4933327e-01
   8.5084987e-01   8.4211574e-01   8.4047404e-01
   8.5133889e-01   8.5042919e-01   8.4725439e-01
   8.5045332e-01   8.2636302e-01   8.3395505e-01
   8.1821174e-01   8.4507271e-01   8.4766505e-01
   7.3722524e-01   8.4888816e-01   8.5174723e-01
   8.5055816e-01   8.4075453e-01   8.4626239e-01
   6.3561635e-01   8.4573785e-01   8.4807729e-01
   8.3849590e-01   8.0976386e-01   8.4481341e-01
   8.2748088e-01   8.4699540e-01   8.5025320e-01
   8.5159367e-01   7.8569985e-01   8.5259694e-01
   8.3990051e-01   8.4933709e-01   8.4505874e-01
   7.4457040e-01   8.5009673e-01   8.4577924e-01
   7.5421729e-01   8.5000085e-01   8.4963913e-01
   8.3585560e-01   8.4940893e-01   8.5137930e-01
   8.5252471e-01   8.5019545e-01   8.4910412e-01
   8.2671558e-01   8.5470180e-01   6.2782220e-01
   8.4900144e-01   8.4157307e-01   8.3219082e-01
   8.5227482e-01   8.4837742e-01   8.4089543e-01
   8.4898738e-01   8.4494432e-01   8.4642302e-01
   8.5169114e-01   8.4982085e-01   7.7606305e-01
   8.5042442e-01   8.4791548e-01   6.4240246e-01
   8.2702006e-01   8.5203470e-01   8.5207607e-01
   6.1720341e-01   8.4041506e-01   8.4044900e-01
   8.4758894e-01   8.5238003e-01   8.4840023e-01
