   7.7982392e-01   8.3715473e-01   8.3168524e-01
   7.6494721e-01   8.3766801e-01   8.4693834e-01
   8.4319852e-01   8.4966335e-01   7.7304045e-01
   7.2195184e-01   8.5214474e-01   8.4011892e-01
   8.4248333e-01   8.3439331e-01   7.5898786e-01
   8.5343541e-01   8.4687431e-01   8.4993127e-01
   8.4052621e-01   8.5125228e-01   8.4914111e-01
   8.3122488e-01   8.3726151e-01   8.4673801e-01
   8.4384797e-01   7.5880379e-01   7.6993933e-01
   8.5355647e-01   8.4820599e-01   8.4877322e-01
   8.4993089e-01   8.5170447e-01   8.4433591e-01
   8.4953577e-01   8.4464694e-01   8.4826087e-01
   8.4857872e-01   8.5269241e-01   8.5170375e-01
   8.4313393e-01   8.3693584e-01   8.4785377e-01
   8.4112975e-01   8.4247199e-01   8.2355077e-01
   7.9131057e-01   7.8752093e-01   8.4773804e-01
   8.5201802e-01   8.4605674e-01   8.5031754e-01
   8.3434100e-01   8.3842260e-01   8.4820915e-01
   8.4894224e-01   8.4328498e-01   8.4398650e-01
   8.4674323e-01   8.3953169e-01   8.4048346e-01
   8.4007829e-01   8.4769611e-01   8.3712138e-01
   8.4932054e-01   8.5063494e-01   8.3997542e-01
   7.9544010e-01   8.4044196e-01   8.4805691e-01
   8.4914677e-01   8.5266027e-01   8.4871598e-01
   7.2542608e-01   8.3591173e-01   8.3442623e-01
   8.1531079e-01   8.4793256e-01   8.4081086e-01
   7.8504338e-01   8.4965936e-01   8.4778070e-01
   8.2906894e-01   8.3983203e-01   8.3605152e-01
   8.4120975e-01   8.4224860e-01   8.5039233e-01
   8.3857923e-01   8.4904342e-01   8.5296794e-01
   8.5396248e-01   8.5338077e-01   8.4969304e-01
   8.5204679e-01   8.4496287e-01   8.5129561e-01
   6.9779566e-01   8.4726041e-01   8.5078536e-01
   7.3412332e-01   8.4270337e-01   8.5155826e-01
   8.4616054e-01   8.4806421e-01   8.4887007e-01
   7.7000873e-01   8.4006429e-01   8.4249726e-01
   8.3555441e-01   8.5451454e-01   8.1589088e-01
   8.4317177e-01   8.4449461e-01   8.4664424e-01
   8.5162926e-01   8.4738353e-01   8.4837490e-01
   8.5119355e-01   8.4806528e-01   8.4863743e-01
   8.5030815e-01   8.4181707e-01   8.4978322e-01
   7.0987919e-01   8.5122659e-01   8.4760459e-01
   7.4291325e-01   8.4310625e-01   8.3577667e-01
   7.9366701e-01   7.8520972e-01   8.1466022e-01
   8.4083677e-01   8.5196087e-01   8.4985322e-01
   8.2474676e-01   8.3722576e-01   8.5249840e-01
   8.5018201e-01   8.4208171e-01   8.5327319e-01
   8.2757466e-01   8.4395393e-01   8.4524541e-01
   7.5718918e-01   8.5234900e-01   8.5034245e-01
   8.5007817e-01   8.5052070e-01   7.9652309e-01
   8.5477232e-01   8.4412827e-01   8.4745140e-01
   7.8858462e-01   7.9158548e-01   8.4748846e-01
   8.3996488e-01   8.4699798e-01   8.5036757e-01
   8.4866742e-01   8.4624217e-01   8.3825999e-01
   8.5051497e-01   8.3779790e-01   8.4959094e-01
   7.8238464e-01   8.4942227e-01   8.3759382e-01
   8.5230414e-01   8.4782349e-01   8.4208252e-01
   7.8368192e-01   8.4480527e-01   8.5049460e-01
   8.3987609e-01   8.4837622e-01   7.4559059e-01
   8.4923877e-01   8.5012071e-01   8.4781813e-01
   7.5826011e-01   8.4186244e-01   8.4756385e-01
   8.4881042e-01   8.4939061e-01   8.4908900e-01
   8.5076718e-01   8.4805806e-01   8.4110424e-01
   8.5274774e-01   8.4366091e-01   7.7035527e-01
   8.5328547e-01   8.4278881e-01   8.5145278e-01
   8.5364034e-01   8.1600916e-01   8.1962269e-01
   8.5163566e-01   8.4904761e-01   8.5230686e-01
   8.4518348e-01   8.5070098e-01   8.5244094e-01
   7.4639582e-01   8.5176237e-01   7.9104281e-01
   7.7241174e-01   8.4838802e-01   8.4614662e-01
   7.1895997e-01   7.8614742e-01   5.1943111e-01
   8.2880801e-01   8.5416447e-01   8.4463483e-01
   7.4278750e-01   8.5281976e-01   8.5219575e-01
   8.5087043e-01   8.4838558e-01   8.4955027e-01
   7.0472083e-01   8.4600442e-01   8.4683851e-01
   8.4628681e-01   8.3377154e-01   7.2221908e-01
   8.4903517e-01   8.4920361e-01   8.4962423e-01
   7.9964310e-01   8.5164025e-01   8.5134682e-01
   8.5163641e-01   8.3894998e-01   8.4312164e-01
   8.4865586e-01   8.5002179e-01   8.5379499e-01
   7.3784620e-01   8.5235345e-01   8.4971598e-01
   7.0624764e-01   8.4647551e-01   8.4770737e-01
   8.4632763e-01   8.4607828e-01   8.3832536e-01
   8.0187376e-01   8.5074900e-01   8.5137413e-01
   7.5445857e-01   8.5075760e-01   8.5326086e-01
   8.5196579e-01   8.5058919e-01   7.5936283e-01
   7.8298274e-01   8.5027080e-01   8.3878632e-01
   8.5441470e-01   8.4910856e-01   7.9205141e-01
   6.6625334e-01   8.5376740e-01   8.4942719e-01
   7.3360014e-01   8.5233555e-01   7.6084090e-01
   8.4678351e-01   8.4451233e-01   8.5020507e-01
   7.1550095e-01   8.3702101e-01   7.9796508e-01
   8.5302996e-01   8.5027664e-01   8.4745172e-01
   8.5037930e-01   8.5168011e-01   8.4483875e-01
   8.4582599e-01   8.4730626e-01   8.4488387e-01
   8.4589919e-01   8.4909926e-01   8.5106142e-01
   7.6165571e-01   8.1734011e-01   8.4694278e-01
   8.4690566e-01   8.4820512e-01   8.4754913e-01
   8.4583778e-01   8.4564574e-01   8.5128678e-01
   8.5388244e-01   8.5345323e-01   8.5427547e-01
