   8.4331431e-01   8.4703677e-01   8.4808756e-01
   8.4874773e-01   8.4269655e-01   8.4440611e-01
   8.5242128e-01   8.5078584e-01   8.5029291e-01
   8.4641206e-01   8.4330450e-01   8.2023938e-01
   8.4821485e-01   8.5026033e-01   8.4401761e-01
   7.2659164e-01   8.5061813e-01   8.5278327e-01
   8.4236055e-01   8.4674617e-01   8.4836647e-01
   8.5147603e-01   8.3495464e-01   8.3034201e-01
   8.4129257e-01   8.4432301e-01   8.4738434e-01
   8.4042917e-01   8.5283655e-01   8.4802767e-01
   7.9074682e-01   8.4620462e-01   8.3193235e-01
   8.3827149e-01   8.4082281e-01   8.4440674e-01
   7.3720853e-01   8.4973240e-01   7.3315796e-01
   8.3240089e-01   8.4847583e-01   8.3603570e-01
   8.5166186e-01   8.4150637e-01   8.4838896e-01
   7.0119342e-01   8.4664396e-01   8.4968631e-01
   8.4812072e-01   8.4667852e-01   8.4454502e-01
   8.5194561e-01   8.4698010e-01   6.8387346e-01
   8.1085133e-01   8.5115442e-01   8.5257153e-01
   8.4726549e-01   8.4764088e-01   8.5184048e-01
   8.4890005e-01   7.6672925e-01   8.4537986e-01
   7.6831720e-01   8.4973177e-01   7.6540864e-01
   8.4752627e-01   8.5162225e-01   8.4766959e-01
   6.9441814e-01   8.5123821e-01   8.5434923e-01
   8.5504887e-01   8.4904952e-01   7.7028800e-01
   8.4250038e-01   8.5038185e-01   8.5149957e-01
   8.4651089e-01   8.5243824e-01   8.4414703e-01
   8.4850567e-01   8.4262221e-01   8.4279145e-01
   8.1484691e-01   8.5130137e-01   8.5207402e-01
   8.1274923e-01   8.5080663e-01   8.5141228e-01
   8.5254225e-01   8.4924769e-01   8.5133991e-01
   8.5044304e-01   8.1540912e-01   8.4987949e-01
   7.4806156e-01   8.4946912e-01   8.3956896e-01
   8.3785827e-01   8.4750122e-01   8.3145081e-01
   5.7765088e-01   8.5322380e-01   8.5270419e-01
   8.4419922e-01   8.1311087e-01   8.4925958e-01
   8.5434139e-01   8.4515613e-01   8.5077785e-01
   8.4978036e-01   8.5090010e-01   8.5064840e-01
   7.9436992e-01   8.4758154e-01   8.5038946e-01
   8.1106622e-01   8.4565889e-01   8.4311453e-01
   8.1129474e-01   8.5008106e-01   8.4804248e-01
   8.4742275e-01   8.4181499e-01   8.4971012e-01
   8.5166127e-01   8.5084330e-01   8.4700742e-01
   8.5336777e-01   8.5186040e-01   8.5167885e-01
   8.4735061e-01   8.5027924e-01   8.5102570e-01
   7.8502218e-01   8.4914037e-01   8.4982608e-01
   8.5258211e-01   8.4174314e-01   8.4949627e-01
   8.4458429e-01   8.2937469e-01   7.4502989e-01
   8.4577374e-01   8.4952106e-01   8.4875025e-01
   8.3525760e-01   8.4573778e-01   8.4590768e-01
   8.5315110e-01   8.3863376e-01   8.4948989e-01
   6.8850720e-01   8.5054565e-01   8.4294111e-01
   8.3906056e-01   8.4774017e-01   8.5152111e-01
   8.5197087e-01   8.4029150e-01   8.5142201e-01
   8.3435251e-01   7.4514625e-01   8.4666407e-01
   8.5279609e-01   8.5484518e-01   6.0515672e-01
   8.4873088e-01   8.4772553e-01   8.4702826e-01
   8.5212036e-01   8.4874941e-01   8.5104534e-01
   8.4684858e-01   8.4982514e-01   8.4228617e-01
   8.1435333e-01   7.8014372e-01   8.3816871e-01
   8.5007628e-01   8.5063291e-01   8.5008071e-01
   8.5125725e-01   8.4372720e-01   8.4626282e-01
   8.5113690e-01   8.4476642e-01   8.4761993e-01
   8.5041874e-01   8.5016471e-01   8.4819406e-01
   8.4790997e-01   8.5001005e-01   8.5046333e-01
   8.3884048e-01   8.4863569e-01   8.4908429e-01
   8.2566916e-01   8.4872621e-01   8.4588869e-01
   8.4212768e-01   8.4711626e-01   8.4948886e-01
   8.5218786e-01   8.5088108e-01   8.4654376e-01
   8.5298100e-01   8.5227602e-01   8.4930979e-01
   8.5164102e-01   8.4664019e-01   8.5339310e-01
   8.5315234e-01   8.4964578e-01   8.4119655e-01
   8.5189860e-01   8.4114492e-01   8.4575025e-01
   8.4703124e-01   8.5455420e-01   7.8700292e-01
   8.4403473e-01   8.4974143e-01   8.4982643e-01
   8.5464945e-01   8.5174303e-01   7.8388386e-01
   8.4922083e-01   8.5107685e-01   8.5166346e-01
   6.6062555e-01   8.3401212e-01   7.5666046e-01
   8.4180099e-01   8.5215407e-01   7.2556491e-01
   7.5247206e-01   8.4732343e-01   8.5005258e-01
   6.3641847e-01   8.5316675e-01   8.4530691e-01
   8.4356524e-01   8.4808878e-01   8.4893740e-01
   7.7657205e-01   8.4511922e-01   8.5239353e-01
   8.4154296e-01   8.5089076e-01   8.3223669e-01
   8.5176474e-01   8.4299428e-01   8.4465642e-01
   8.4234074e-01   8.3859156e-01   8.3233545e-01
   8.4921254e-01   8.4984730e-01   8.4854708e-01
   8.5447222e-01   8.5206397e-01   8.5119273e-01
   8.5174925e-01   8.4913537e-01   7.8568447e-01
   8.5023034e-01   8.4928023e-01   8.5054882e-01
   8.5330921e-01   8.4575213e-01   5.6383935e-01
   8.5056841e-01   8.5060711e-01   7.6245690e-01
   8.4058338e-01   8.4755401e-01   8.4975762e-01
   8.5133697e-01   8.5348094e-01   8.0407751e-01
   8.5288795e-01   8.4005030e-01   8.5325809e-01
   8.5020166e-01   8.5130851e-01   8.4919328e-01
   8.3836108e-01   8.4359433e-01   8.3089765e-01
   8.4946365e-01   8.4756868e-01   8.2671636e-01
   8.1141007e-01   8.5229996e-01   8.5318190e-01
   8.3330189e-01   8.4278490e-01   8.4637800e-01
