   8.2334884e-01   4.0204145e-01   6.0440708e-01   5.4811350e-01
   7.1781663e-01   7.7572733e-01   8.5297452e-01   8.5268452e-01
   3.8146225e-01   2.6969210e-01   8.1130861e-01   8.1460524e-01
   7.2882695e-01   4.1264701e-01   8.3377912e-01   7.8023503e-01
   8.4415279e-01   5.8506714e-01   8.5133186e-01   8.6394462e-01
   7.0314070e-01   8.3046463e-01   8.3232030e-01   6.7432919e-01
   8.3495936e-01   5.5034555e-01   8.3982372e-01   7.1482800e-01
   8.5252835e-01   8.5458427e-01   8.5189691e-01   8.5623249e-01
   5.4402790e-01   8.5264050e-01   8.4779027e-01   7.3485338e-01
   7.0291280e-01   3.4029956e-01   8.2946612e-01   7.7849855e-01

