   6.8994882e-01   8.2152832e-01   8.3638223e-01
   8.4473495e-01   8.1890680e-01   8.4082430e-01
   6.7805280e-01   3.0841638e-01   8.4740354e-01
   8.3422935e-01   4.6643791e-01   8.5186459e-01
   6.7133273e-01   8.4391034e-01   8.0318353e-01
   8.4257449e-01   8.2780836e-01   8.4149477e-01
   8.4898047e-01   8.0846887e-01   8.2989212e-01
   8.1809972e-01   5.5859313e-01   8.4828202e-01
   8.3502310e-01   3.2138471e-01   8.3924832e-01
   8.5024238e-01   8.4753120e-01   8.4776457e-01
   8.4008946e-01   7.8609010e-01   8.2740909e-01
   6.7888551e-01   8.4504808e-01   8.1984925e-01
   6.6813986e-01   8.2275177e-01   8.4547522e-01
   7.6479999e-01   7.7842769e-01   8.3920888e-01
   8.4078573e-01   7.8391431e-01   8.4643061e-01
   8.0249503e-01   8.2384647e-01   8.4167252e-01
   6.3013174e-01   4.6187280e-01   8.2023019e-01
   6.7371651e-01   3.0220027e-01   7.7689747e-01
   8.0693234e-01   7.4010555e-01   8.4910747e-01
   8.1251245e-01   8.2236103e-01   8.3246061e-01
   8.3423941e-01   8.3970810e-01   8.4510470e-01
   8.3761184e-01   2.3911945e-01   8.4027721e-01
   6.9657752e-01   8.3673819e-01   8.3539881e-01
   8.4996628e-01   5.6756075e-01   8.4586689e-01
   8.0504916e-01   8.1769248e-01   8.2000189e-01
   8.1614047e-01   2.2225941e-01   8.3468541e-01
   7.5271931e-01   4.5299955e-01   8.3414097e-01
   6.1965045e-01   7.9344218e-01   7.3398817e-01
   6.2260891e-01   4.0763463e-01   7.7755065e-01
   8.0084476e-01   7.9388979e-01   8.2941145e-01
   3.6891758e-01   8.4031157e-01   5.5051053e-01
   7.9503638e-01   7.3722006e-01   8.3173928e-01
   7.7743634e-01   8.4009169e-01   8.4434325e-01
   8.4835559e-01   7.5700645e-01   8.4228134e-01
   8.3884259e-01   8.0376985e-01   8.2975548e-01
   8.1835389e-01   8.3959137e-01   8.4482952e-01
   8.5253948e-01   4.8205204e-01   8.4682577e-01
   7.7111912e-01   1.3753128e-01   7.2973603e-01
   7.2674355e-01   6.6550156e-01   8.3862399e-01
   7.6906954e-01   6.9138866e-01   8.2348866e-01
   8.3603422e-01   7.7264076e-01   8.4234430e-01
   8.3775514e-01   2.7711163e-01   8.4965103e-01
   8.5382969e-01   8.2762266e-01   8.4825845e-01
   8.4122875e-01   3.5937397e-01   8.3150012e-01
   7.6377109e-01   8.1101415e-01   8.3746792e-01
   7.4147806e-01   4.0970167e-01   8.4095091e-01
   8.3750215e-01   5.8017930e-01   8.3120237e-01
   8.3474223e-01   5.7197397e-01   8.2872780e-01
   7.7234042e-01   3.7813436e-01   8.4564299e-01
   8.4783464e-01   8.2744473e-01   8.3969947e-01
   7.2742996e-01   8.1806394e-01   8.3311283e-01
   7.2302842e-01   8.2287449e-01   5.9591583e-01
   7.7647490e-01   5.6483489e-01   8.2322099e-01
   7.8060301e-01   6.4262667e-01   8.3327757e-01
   8.4550837e-01   8.4343312e-01   8.5162117e-01
   8.2546651e-01   8.4552643e-01   8.3166925e-01
   8.2252541e-01   4.6065601e-01   8.5179186e-01
   7.9742957e-01   3.2304527e-01   8.4877845e-01
   8.3505889e-01   4.7819663e-01   8.5004856e-01
   8.2189595e-01   4.0240156e-01   8.4665667e-01
   7.5054777e-01   8.3477564e-01   8.3854208e-01
   6.8253019e-01   5.0466024e-01   8.3409642e-01
   7.0563313e-01   5.0837206e-01   7.8827570e-01
   7.5443720e-01   5.1377310e-01   8.4889323e-01
   5.8318196e-01   5.2883011e-01   8.0118711e-01
   6.0812065e-01   6.0549922e-01   6.3767278e-01
   6.7008473e-01   8.2874442e-01   8.0339839e-01
   6.6204472e-01   3.7254160e-01   7.7073864e-01
   8.3844044e-01   4.0204923e-01   8.4602205e-01
   7.3562809e-01   5.4295965e-01   8.5069657e-01
   8.5386565e-01   8.2173627e-01   8.5130214e-01
   8.4393139e-01   6.1278428e-01   8.3740239e-01
   8.3021547e-01   4.1252265e-01   8.4568895e-01
   8.4413707e-01   2.7160283e-01   8.4111571e-01
   8.4900376e-01   5.9639200e-01   8.4547679e-01
   8.3915865e-01   4.7310945e-01   8.2580292e-01
   7.7848365e-01   8.4066034e-01   8.2970545e-01
   8.4826437e-01   3.1883566e-01   8.1692719e-01
   8.4255064e-01   6.6839730e-01   8.4614259e-01
   8.0840915e-01   7.9045009e-01   8.4541928e-01
   8.4755838e-01   7.2546499e-01   8.4682650e-01
   8.2354000e-01   7.4014643e-01   8.3032355e-01
   7.6376262e-01   8.1160580e-01   8.4205201e-01
   8.5151824e-01   7.2363238e-01   8.4743837e-01
   8.3151628e-01   3.6382558e-01   8.4639502e-01
   8.3224200e-01   7.1945460e-01   8.3476576e-01
   7.0903391e-01   7.7194202e-01   8.4831388e-01
   8.0995795e-01   3.9666939e-01   8.2353520e-01
   6.2487359e-01   8.4582673e-01   8.1262900e-01
   6.0584923e-01   5.3957312e-01   7.6504694e-01
   7.9008527e-01   8.2398447e-01   8.3954034e-01
   7.8571738e-01   6.8742423e-01   8.3217916e-01
   7.3887557e-01   4.6862558e-01   8.3229943e-01
   6.5866190e-01   8.3730499e-01   6.6207977e-01
   8.2209147e-01   3.7953558e-01   8.4634504e-01
   8.4910890e-01   8.3938571e-01   8.4969990e-01
   8.5088227e-01   8.1253798e-01   8.4889887e-01
   7.0507453e-01   8.2426746e-01   7.9675102e-01
   8.3064395e-01   8.1722335e-01   8.4757673e-01
   5.9521876e-01   1.5218866e-01   5.8595829e-01
