   5.8900137e-01   5.8901233e-01   6.0597973e-01
   8.1703771e-01   6.9439820e-01   8.3936755e-01
   7.8469283e-01   8.4254381e-01   8.3906201e-01
   7.5104118e-01   3.4156776e-01   7.4802218e-01
   6.0533229e-01   5.1690192e-01   7.5721365e-01
   8.0161049e-01   7.3034489e-01   8.2989572e-01
   7.9326866e-01   3.6364242e-01   8.4298658e-01
   6.1434584e-01   3.2670606e-01   8.3881119e-01
   8.2516937e-01   7.9173778e-01   8.4795508e-01
   8.3279891e-01   5.2165773e-01   8.2574440e-01
   8.5127227e-01   5.1985200e-01   8.4463553e-01
   8.1978836e-01   8.2939669e-01   8.4502087e-01
   5.6939435e-01   2.8019066e-01   8.4105811e-01
   7.7869525e-01   2.5497476e-01   8.4212064e-01
   7.4918027e-01   7.5166342e-01   7.7620509e-01
   8.1678747e-01   4.0240337e-01   8.4938318e-01
   4.3059065e-01   2.7041426e-01   4.7572958e-01
   8.4501631e-01   2.5233536e-01   8.3992097e-01
   8.3268366e-01   7.8733461e-01   6.3632662e-01
   8.4503907e-01   6.0335530e-01   8.4844601e-01
   4.1895290e-01   2.4345038e-01   4.4156281e-01
   8.2892371e-01   5.9259679e-01   8.4164020e-01
   8.1068608e-01   2.8078973e-01   8.4112567e-01
   8.3939088e-01   2.3217598e-01   8.4715094e-01
   8.3295493e-01   3.5146766e-01   8.3208743e-01
   7.2924393e-01   3.2351595e-01   8.3626201e-01
   8.5225288e-01   4.1231495e-01   8.4924544e-01
   6.7524253e-01   5.0454797e-01   8.3848184e-01
   8.5403394e-01   5.6056879e-01   8.5000322e-01
   8.5416945e-01   7.6245157e-01   8.4850797e-01
   8.0174874e-01   3.1488655e-01   8.3162083e-01
   6.7430574e-01   4.8560133e-01   7.9260301e-01
   7.2671613e-01   3.9210367e-01   8.1198740e-01
   6.2787983e-01   7.4014438e-01   8.0459078e-01
   8.3218207e-01   7.1314315e-01   8.4858577e-01
   7.9329376e-01   6.3799786e-01   8.0982990e-01
   6.8161746e-01   1.5710151e-01   8.4744552e-01
   8.2349389e-01   8.3066154e-01   8.4032577e-01
   4.3633172e-01   2.7842531e-01   5.5037508e-01
   8.1334612e-01   3.8363788e-01   8.3032983e-01
   5.6963421e-01   2.8687470e-01   7.4319869e-01
   8.3479248e-01   3.3464856e-01   8.3419226e-01
   7.8888891e-01   2.6627316e-01   6.5181478e-01
   8.4581640e-01   7.9232321e-01   8.3646248e-01
   8.2393210e-01   5.2000311e-01   8.3715883e-01
   8.1408909e-01   7.8311928e-01   8.2379834e-01
   5.3992105e-01   2.4275591e-01   5.1113098e-01
   7.3784157e-01   8.3279816e-01   8.3561834e-01
   8.4690480e-01   6.2638037e-01   8.5139827e-01
   6.7882295e-01   8.3108251e-01   8.2880685e-01
   7.7966666e-01   7.9486739e-01   8.3479860e-01
   8.3763897e-01   8.3868145e-01   8.4969581e-01
   8.4155050e-01   8.2179298e-01   8.4793445e-01
   8.4568090e-01   5.2380145e-01   8.3799087e-01
   7.1420994e-01   2.6535062e-01   8.2140362e-01
   8.2685395e-01   4.0128346e-01   8.3843546e-01
   7.7880769e-01   4.7459020e-01   8.2827249e-01
   8.2363656e-01   3.0281058e-01   8.1108885e-01
   4.2725312e-01   1.8666484e-01   4.5581991e-01
   8.1724059e-01   3.4297215e-01   8.3434224e-01
   3.5323712e-01   5.2234237e-01   7.7583962e-01
   7.1647548e-01   4.6653192e-01   8.4188429e-01
   7.3731429e-01   7.9075188e-01   8.2945438e-01
   6.9283572e-01   7.8245603e-01   8.2655919e-01
   5.7477026e-01   7.5307173e-01   5.0692416e-01
   8.2049595e-01   4.9574246e-01   8.4084028e-01
   6.6112138e-01   8.0176915e-01   8.2209644e-01
   7.5000480e-01   4.6000683e-01   8.3869233e-01
   6.5491513e-01   7.1619546e-01   8.4133037e-01
   8.5109484e-01   3.4483738e-01   8.4975311e-01
   5.5867387e-01   7.2778082e-01   8.4092597e-01
   6.4886261e-01   7.2891110e-01   6.8563743e-01
   8.2705211e-01   5.6270930e-01   8.3083678e-01
   8.0674578e-01   3.2969886e-01   7.9428372e-01
   8.3485500e-01   3.4253602e-01   8.3673931e-01
   8.4978602e-01   3.4365033e-01   8.5127058e-01
   5.8031413e-01   3.6218984e-01   7.0564479e-01
   8.2895376e-01   2.1535688e-01   8.5020744e-01
   8.3071839e-01   5.3299822e-01   8.5131655e-01
   8.1672424e-01   5.7804035e-01   8.5048841e-01
   8.1613192e-01   3.6644959e-01   8.2090406e-01
   8.4275482e-01   3.1106520e-01   8.4822149e-01
   5.7935558e-01   3.1995629e-01   7.7414551e-01
   7.3330344e-01   6.6232695e-01   8.3451786e-01
   8.3586435e-01   6.6470787e-01   8.3256067e-01
   6.0255510e-01   8.2312546e-01   7.7465665e-01
   7.1542195e-01   7.6787538e-01   8.2766119e-01
   8.5317676e-01   3.7761638e-01   8.5062888e-01
   8.2051920e-01   5.2946638e-01   8.3796269e-01
   4.9926815e-01   5.7774322e-01   5.7172309e-01
   8.1102455e-01   7.7553868e-01   8.5114087e-01
   7.8028486e-01   6.2028664e-01   7.9317450e-01
   8.3132414e-01   8.4022141e-01   8.4650242e-01
   6.3129810e-01   4.4759924e-01   8.4322982e-01
   7.8608818e-01   5.7940336e-01   8.4384519e-01
   5.1439149e-01   5.5850465e-01   7.1674663e-01
   6.1317402e-01   6.9387737e-01   7.6694535e-01
   7.3613537e-01   8.4279678e-01   8.4852661e-01
   8.0495354e-01   3.3008612e-01   6.0591935e-01
   8.0049684e-01   8.0954825e-01   8.3836976e-01
