   1.5277892e-01  -4.4690957e-01   1.9576930e-01
  -3.8319052e-02  -2.6472680e-01  -2.0271606e-01
   1.4367425e-01  -3.1324803e-01   1.6302344e-01
   4.1247585e-01  -2.4166286e-01   1.1255125e-01
   5.7828384e-02  -1.6427119e-01   1.0070842e-01
   2.2660564e-01  -5.8155141e-01   1.1380797e-01
   1.2808199e-01  -1.7626140e-01   1.2504987e-01
   2.0912785e-01  -1.6047868e-02   2.2218667e-01
   1.9847221e-01  -7.2060179e-01   1.9734848e-01
   3.7069298e-02   5.0464079e-02   3.1668644e-02
   1.0017163e-01  -2.3434124e-01   1.3073531e-01
   1.0911059e-01  -1.8390737e-01   4.3180011e-01
   8.2280407e-02  -2.9897697e-01   7.6554404e-02
   4.2769310e-02  -7.4289658e-02   2.7194278e-02
   1.0331319e-01  -3.0109014e-01  -1.7812340e-01
   5.9908813e-02  -1.2582233e-02   1.0732870e-01
   1.1776777e-01  -2.9687947e-01   1.2738588e-01
  -3.4049295e-01  -5.1667892e-01  -4.7735984e-01
   2.0097005e-01  -5.4295847e-02   1.1769429e-01
   1.7832646e-01   9.0878451e-02   1.5073286e-01
   2.3368188e-01  -1.3745220e-01   2.6904411e-01
   5.2081102e-02   5.5406088e-02   2.4437488e-01
   2.1836334e-01  -1.7805092e-01   2.1359318e-01
  -1.1248693e-01  -8.1685587e-01   8.0886493e-02
   2.7629292e-01  -5.1979289e-01   1.5771758e-01
   7.1084523e-02  -7.5389436e-02   7.5201555e-02
   6.5171926e-02   2.0607034e-01   1.2308554e-01
   5.8575210e-03  -5.6677670e-01   2.9228074e-02
   3.7256049e-02  -7.8125239e-01   8.9087839e-02
   1.2647368e-01   5.0356169e-02   1.5037587e-01
   5.8843846e-02  -2.0762183e-02   8.4342313e-02
   8.5746368e-02  -2.6495198e-01   1.2350928e-01
   1.0151467e-01  -6.9475750e-02   1.7108269e-01
   1.6773179e-01  -2.6185855e-01   1.8743075e-01
   1.5890035e-01  -3.2469617e-01   3.8750427e-01
   1.3135349e-01  -9.8717000e-02   7.1016980e-02
   1.4092559e-01   1.6295757e-02   1.4234476e-01
  -1.6798118e-02   2.8393376e-02  -2.2165853e-01
   1.2220332e-01  -1.1269611e-01   1.8393401e-01
   5.4808015e-02  -3.5765783e-01   8.6551849e-02
   1.9636567e-01  -3.4601337e-01   1.8601590e-01
   1.2606816e-01  -5.8990823e-02   3.5546155e-01
   9.7887194e-02  -1.7063530e-01   1.7246931e-01
  -6.1918274e-01  -2.8783416e-01  -6.9025913e-01
   1.6046869e-01  -3.2775127e-01   3.5932247e-01
   1.5772097e-01  -4.6184669e-01   2.0688031e-01
   2.0655431e-01  -1.9067173e-01   1.0907226e-01
   1.3062593e-01  -4.1341824e-02   3.0080548e-01
   3.4121014e-01   1.9528425e-01   2.9768540e-01
   8.4186899e-02  -1.5451701e-01   6.7095389e-02
   1.5485291e-01  -3.8476622e-01  -2.3208941e-01
   9.6745765e-02  -5.5248533e-01   7.3766892e-02
   6.5152719e-02   6.4356302e-02   8.5443459e-02
   1.1693440e-01  -1.4466014e-01   9.8651663e-02
   1.3712506e-01  -1.6736798e-01  -6.8994140e-03
   2.1024297e-01  -1.3333822e-01   1.9472298e-01
   7.8925808e-02  -1.8240991e-02   1.0375938e-01
   1.3798650e-01  -4.2837841e-01   2.7948270e-01
   1.6920975e-01  -7.1578537e-02   2.2998591e-01
   6.2832158e-01  -2.4204707e-01   1.3589571e-01
   5.6779057e-02  -7.7090386e-01   2.9172016e-02
   1.5282840e-01  -1.8285969e-01   1.5341273e-01
   9.6759130e-02  -2.9843711e-01   5.8264015e-02
   9.1822720e-02  -1.6647432e-01   1.5203220e-01
   2.0096332e-01  -1.6375137e-01   1.5890048e-01
   1.7142716e-01  -3.3923488e-01   3.4827749e-01
   2.2005948e-01  -9.6850467e-02   2.4075896e-01
   1.9958145e-01  -2.8471063e-01   1.7190347e-01
  -1.4419783e-01  -4.3943089e-01   2.9085692e-02
   1.0838179e-01  -3.3105246e-01   1.6083638e-01
   1.3612521e-01  -2.2027268e-01   1.9385367e-01
   5.4794711e-02  -1.0835764e-01   7.6684140e-02
   2.8931833e-01  -6.7359534e-01   2.2623329e-01
   1.1762228e-01  -1.8900065e-02   2.9670978e-01
   5.1848190e-02   1.8384585e-01  -2.0916973e-01
  -4.1553769e-06  -2.7928435e-01  -3.6528959e-01
   2.1811300e-01  -3.3587720e-01   1.3971280e-01
   1.4335734e-01  -2.8161231e-01   1.6044501e-01
   2.7891655e-01  -6.9415363e-01   3.1275999e-02
   1.3083113e-01  -4.9915216e-01   2.3744693e-01
   2.0203263e-01  -2.4686669e-01   1.1337357e-01
   1.1882927e-01  -4.2140985e-01   6.5489127e-01
   3.0629289e-01  -1.0340972e-01   2.0443274e-01
   3.0490353e-01  -1.2994114e-02   1.8659096e-01
   2.9962046e-01  -5.1524862e-01   1.8313497e-01
   1.4980281e-01  -5.1704194e-01   1.8518232e-01
   1.9762614e-01   6.2528891e-02   1.5378326e-01
   2.9697315e-01  -1.0136021e-02   2.6725706e-01
   2.9867072e-01  -1.8579616e-01   3.5003718e-01
   2.4466486e-01  -1.0745598e-02   6.7160307e-01
   5.6376204e-02  -6.2415305e-01   1.0045493e-01
   6.1710828e-02  -2.9561648e-01   1.4603692e-01
   9.7755120e-02  -9.4737048e-02   2.0757533e-01
   7.8935093e-02  -5.1569196e-01   5.4688804e-02
   1.8022828e-02  -3.1417241e-01  -1.4776391e-01
   1.2013357e-01  -3.5546861e-01   8.6456067e-02
   9.9275034e-02  -2.0469359e-02   2.0242815e-01
   1.5612571e-01  -8.2674279e-02   1.4286392e-01
   1.4413939e-01  -7.6093171e-02   1.3044229e-01
  -2.9346867e-01  -3.1471212e-01  -1.5417188e-02
