   8.0744974e-01   8.4839848e-01   7.4064917e-01
   8.5137743e-01   8.4845202e-01   8.5305126e-01
   8.5017948e-01   8.4359247e-01   8.3368984e-01
   8.4607784e-01   8.4632644e-01   8.5309245e-01
   8.4909907e-01   8.3935409e-01   8.4905738e-01
   7.3929493e-01   8.4194613e-01   8.5059997e-01
   8.4914439e-01   8.3504750e-01   8.5015438e-01
   7.4008741e-01   8.5435463e-01   8.3219311e-01
   8.5122622e-01   8.5112564e-01   7.1492639e-01
   8.4609369e-01   8.4454133e-01   8.5202639e-01
   4.1905099e-01   8.1881240e-01   8.1132667e-01
   8.4765516e-01   8.4807754e-01   6.3640038e-01
   8.3947427e-01   8.4676098e-01   8.4536879e-01
   8.5016189e-01   8.4119272e-01   8.4883982e-01
   7.7507260e-01   8.4127600e-01   8.4734683e-01
   8.4340993e-01   8.4697286e-01   8.4271149e-01
   8.5057738e-01   8.3792412e-01   8.4060468e-01
   8.3921972e-01   8.5106531e-01   8.1923240e-01
   8.0700401e-01   8.5352592e-01   8.5086153e-01
   8.3096122e-01   8.5414833e-01   8.1646498e-01
   7.5312111e-01   8.4676617e-01   8.4818514e-01
   8.4458137e-01   8.4772952e-01   8.4385475e-01
   8.3709363e-01   8.5343695e-01   8.3623113e-01
   8.1004657e-01   8.5222521e-01   8.5370426e-01
   7.7158548e-01   8.4937471e-01   8.4717324e-01
   8.5156237e-01   8.4073080e-01   7.7179741e-01
   8.3364314e-01   8.4999033e-01   8.4211512e-01
   8.3945676e-01   8.4307866e-01   8.4475949e-01
   8.0214123e-01   8.4792292e-01   7.9488987e-01
   8.4589888e-01   8.3254113e-01   8.5109849e-01
   7.6869302e-01   8.4645979e-01   6.9137586e-01
   8.0127952e-01   8.4419487e-01   8.1004874e-01
   8.5307594e-01   8.5045089e-01   8.5077029e-01
   7.2952541e-01   8.4850730e-01   8.0141278e-01
   8.2202845e-01   8.4730965e-01   8.3415672e-01
   7.5880270e-01   8.2357563e-01   8.4112175e-01
   6.2863615e-01   8.4115006e-01   7.7092941e-01
   7.6834924e-01   8.5236775e-01   8.4011804e-01
   8.4191085e-01   8.2974341e-01   8.3999048e-01
   8.4254172e-01   8.4551068e-01   8.4133840e-01
   8.5153742e-01   8.4840332e-01   5.6954053e-01
   8.4930474e-01   8.5202057e-01   6.6084509e-01
   8.4498987e-01   8.4697947e-01   8.5231681e-01
   7.3667122e-01   8.5001007e-01   8.4004517e-01
   8.1647827e-01   8.4253243e-01   8.5107956e-01
   8.5114862e-01   8.4700256e-01   8.5256741e-01
   7.7502486e-01   8.5146029e-01   8.4926302e-01
   8.2627947e-01   8.4829114e-01   8.5008402e-01
   8.4405490e-01   8.5071838e-01   8.4939579e-01
   8.5344702e-01   8.4938651e-01   8.4363154e-01
   8.5177815e-01   8.4681484e-01   8.2802543e-01
   8.2830916e-01   8.5208747e-01   8.5018370e-01
   8.4984150e-01   8.4308399e-01   8.4849958e-01
   8.5219138e-01   8.5113841e-01   7.5416702e-01
   7.9219385e-01   8.4987433e-01   7.9449612e-01
   8.5189191e-01   8.5192386e-01   8.5111479e-01
   8.4697002e-01   8.4768863e-01   8.4771474e-01
   8.5220042e-01   8.4254471e-01   8.5237901e-01
   7.4011846e-01   8.2889565e-01   8.4294106e-01
   8.4924257e-01   8.5045481e-01   8.4631009e-01
   8.3367372e-01   8.4097073e-01   8.5105984e-01
   8.4639558e-01   8.4337129e-01   8.3640275e-01
   8.2719230e-01   8.3191721e-01   7.2746814e-01
   7.6293201e-01   8.4684111e-01   8.5109926e-01
   8.4705031e-01   8.4663258e-01   8.3848556e-01
   8.4987990e-01   8.5158814e-01   8.5354977e-01
   6.3177940e-01   8.4641592e-01   8.4823233e-01
   8.4562358e-01   8.4926456e-01   8.0743160e-01
   7.7911376e-01   7.5679754e-01   8.5000637e-01
   8.4714927e-01   8.5016145e-01   8.4946237e-01
   8.5249446e-01   8.5238562e-01   8.5260747e-01
   8.2901467e-01   8.5096726e-01   8.4507384e-01
   8.5400626e-01   8.3791334e-01   8.4287500e-01
   7.4528479e-01   8.4670799e-01   7.8633010e-01
   8.5190370e-01   8.5111368e-01   8.4823143e-01
   7.8795184e-01   8.5380497e-01   8.3898756e-01
   8.4833695e-01   8.5112099e-01   8.5184523e-01
   8.2847850e-01   8.5057316e-01   8.4635542e-01
   8.4719120e-01   8.5013420e-01   8.5142438e-01
   7.6236844e-01   8.4622336e-01   8.4075279e-01
   8.4160297e-01   8.4900492e-01   8.4253818e-01
   8.5390884e-01   8.4851960e-01   8.5070401e-01
   8.4562629e-01   8.5087102e-01   8.3163125e-01
   8.0044489e-01   8.5272244e-01   8.5138343e-01
   8.5396424e-01   8.5092122e-01   7.3878958e-01
   8.5242550e-01   8.4998242e-01   8.4940281e-01
   8.4781348e-01   8.4171515e-01   8.4821343e-01
   7.1566972e-01   8.4549358e-01   8.4879422e-01
   7.5740039e-01   8.4899751e-01   8.4656159e-01
   8.5350432e-01   8.5227682e-01   8.4954284e-01
   8.5139443e-01   8.4775466e-01   8.1590271e-01
   8.4973119e-01   8.4773246e-01   7.3886177e-01
   7.4783363e-01   8.5032306e-01   8.4576050e-01
   8.3538290e-01   8.4873729e-01   8.4021191e-01
   8.3994238e-01   8.5076793e-01   7.6062666e-01
   8.5171432e-01   8.4929967e-01   7.7256349e-01
   8.5283176e-01   8.4869777e-01   8.3903918e-01
   8.4027106e-01   8.4953521e-01   8.5141679e-01
   5.7246840e-01   8.4826193e-01   8.4626088e-01
   8.4985071e-01   7.5300731e-01   7.9820692e-01
