   8.5121740e-01   8.5214627e-01   8.5061004e-01
   2.4401932e-01   1.4616598e-01   2.4685010e-01
   5.4875605e-01   7.9528122e-01   6.4079804e-01
   8.3146547e-01   8.5189210e-01   8.3085059e-01
   3.4955797e-01   2.4900019e-01   3.3997895e-01
   5.6606324e-01   1.8920502e-01   5.6848290e-01
   7.3619613e-01   7.7745074e-01   8.2729155e-01
   7.2424235e-01   7.1098912e-01   7.5648539e-01
   2.5811104e-01   1.5133862e-01   2.5670711e-01
   2.4353368e-01   1.8446205e-01   2.3362166e-01
   7.3435911e-01   8.4944484e-01   8.3494973e-01
   7.4486634e-01   8.5325569e-01   8.3420017e-01
   8.5284747e-01   8.4690805e-01   8.5272968e-01
   1.2364217e-01   1.8907600e-01   1.3293433e-01
   6.3768228e-01   2.3084834e-01   6.5817823e-01
   4.3249028e-01   2.4316229e-01   4.8366398e-01
   8.4535452e-01   2.9667704e-01   8.4183209e-01
   7.5112110e-01   2.3430302e-01   7.6570383e-01
   7.1121390e-01   8.4792001e-01   7.3948416e-01
   7.6370631e-01   1.6444018e-01   8.2955209e-01
   2.5081762e-01   1.8209041e-01   2.6042582e-01
   2.8576840e-01   2.5831930e-01   3.7001608e-01
   1.2463165e-01   2.3793150e-01   1.4131693e-01
   6.8194331e-01   6.3246209e-01   7.2205408e-01
   8.3355999e-01   8.4846979e-01   8.3071668e-01
   8.5239179e-01   5.0230129e-01   8.5157931e-01
   8.4866393e-01   3.5109709e-01   8.4791061e-01
   3.0247008e-01   8.2051372e-01   3.4070946e-01
   8.5019550e-01   6.1805011e-01   8.4938232e-01
   5.7213102e-01   1.1135962e-01   5.7651306e-01
   5.9767469e-01   2.1211474e-01   6.0882531e-01
   5.8090746e-01   4.7819682e-01   5.8406013e-01
   7.3363339e-01   5.2867575e-01   7.7769273e-01
   3.7610927e-01   1.2157889e-01   3.9449417e-01
   8.4274703e-01   2.5075976e-01   8.4213014e-01
   7.2479488e-01   6.2689460e-01   7.7182191e-01
   7.4254484e-01   8.5080657e-01   7.6204666e-01
   8.3987714e-01   5.3149977e-01   8.3775452e-01
   8.4818538e-01   1.8767512e-01   8.4514014e-01
   5.2233228e-01   2.5929751e-01   7.8173934e-01
   5.6561853e-01   6.2156431e-01   6.4171978e-01
   3.1731879e-01   1.2501427e-01   2.9814212e-01
   6.3084347e-01   4.4138057e-01   8.0683699e-01
   2.1879144e-01   1.5581963e-01   2.2983800e-01
   1.5227218e-01   1.0205827e-01   1.8101002e-01
   1.9984866e-01   1.1275583e-01   2.1431473e-01
   7.6013902e-01   7.9467140e-01   7.6188282e-01
   4.7576107e-01   2.0320555e-01   5.7250380e-01
   8.4003608e-01   5.9394507e-01   8.3714020e-01
   2.4264245e-01   1.6752869e-01   2.9615127e-01
   6.0924889e-01   1.7154166e-01   5.9718990e-01
   1.5080073e-01  -3.1146992e-01   1.3928580e-01
   8.1505874e-01   3.5801854e-01   8.0126660e-01
   7.9184070e-01   1.7098176e-01   7.8976879e-01
   4.8195906e-01   2.1338886e-01   5.3977402e-01
   8.5191195e-01   8.2580822e-01   8.5130656e-01
   6.9958380e-01   8.4760970e-01   8.3384947e-01
   2.2731026e-01   1.3484963e-01   2.2850010e-01
   8.4382475e-01   8.5025911e-01   8.2633557e-01
   7.5680397e-01   8.4906733e-01   7.9946607e-01
   7.3302346e-01   8.5019492e-01   7.9630847e-01
   6.7775211e-01   8.5210701e-01   7.0016894e-01
   2.1705158e-01   9.3954464e-02   2.2044341e-01
   6.2765740e-01   4.6551676e-01   6.4349935e-01
   7.9765196e-01   8.3000713e-01   7.8164251e-01
   7.6080034e-01   8.1102816e-01   8.4096667e-01
   8.4079110e-01   3.7306582e-01   8.3296928e-01
   1.9854922e-01   1.6915952e-01   2.0837833e-01
   5.4473400e-01   6.0519995e-01   5.8570657e-01
   5.3739788e-01   1.9928427e-01   5.3738339e-01
   7.5762890e-01   8.5036287e-01   7.7661961e-01
   7.4406840e-01   6.5046245e-01   7.8097328e-01
   8.2452663e-01   3.3563433e-01   8.3488686e-01
   1.4503207e-01   1.5083736e-01   1.5530721e-01
   6.9386447e-01   3.3074387e-01   8.4405495e-01
   8.5110129e-01   1.5273885e-01   8.5132185e-01
   5.3265511e-01   5.5888832e-01   5.2867897e-01
   8.4690937e-01   2.9488095e-01   8.4945620e-01
   6.6259505e-01   8.5351609e-01   7.5130132e-01
   5.0617365e-01  -1.7940286e-01   5.3768586e-01
   3.0983136e-01   1.6074726e-01   3.2275498e-01
   8.5137552e-01   1.6331432e-01   8.4947203e-01
   5.4192180e-01   4.4011561e-01   5.7092822e-01
   6.7553400e-01   8.4388373e-01   7.6848699e-01
   6.9307002e-01   3.5245087e-01   7.2257511e-01
   7.6909997e-01   8.3982089e-01   8.1187991e-01
   6.1955733e-01   2.6436929e-01   6.3971191e-01
   3.4156162e-01   2.1059787e-01   3.3722859e-01
   7.9695901e-01   8.4928922e-01   8.3377652e-01
   7.7598573e-01   8.4748134e-01   8.4488575e-01
   6.6459071e-01   5.6683238e-01   8.3252543e-01
   7.9396604e-01   8.4518305e-01   8.1854725e-01
   7.4864160e-01   1.9292870e-01   7.7028963e-01
   8.2872948e-01   2.4214743e-01   8.3927680e-01
   7.8967331e-01   8.4303981e-01   8.4882298e-01
   7.7811098e-01   8.4938186e-01   7.9301471e-01
   8.4613593e-01   2.6123826e-01   8.4310598e-01
   7.9046973e-01   7.2474981e-01   8.4267439e-01
   8.5177342e-01   2.0281804e-01   8.5174422e-01
   8.5690034e-01   8.5294502e-01   8.5553011e-01
