   8.4543354e-01   8.5091677e-01   8.3318448e-01
   8.3116977e-01   8.4790678e-01   7.3781324e-01
   6.0119112e-01   8.4254918e-01   8.3827492e-01
   7.2529106e-01   8.5072390e-01   7.6134712e-01
   8.4436401e-01   8.4811124e-01   8.3331666e-01
   8.5204192e-01   8.4988140e-01   8.5220123e-01
   8.4892214e-01   8.4425215e-01   8.4592261e-01
   8.5349188e-01   8.4998957e-01   8.1774056e-01
   8.5111095e-01   8.4132603e-01   8.3638617e-01
   8.0136508e-01   8.4560527e-01   8.3716751e-01
   6.3448796e-01   8.4962018e-01   5.1324431e-01
   8.5265410e-01   8.5273207e-01   8.4986824e-01
   4.4110748e-01   6.2254233e-01   6.2703306e-01
   8.4079251e-01   8.5487520e-01   8.2385126e-01
   7.9352787e-01   8.3861679e-01   8.3846300e-01
   8.4787633e-01   3.1251866e-01   7.7334704e-01
   8.5271125e-01   8.4542866e-01   8.5173135e-01
   3.3961865e-01   3.0522085e-01   1.6416270e-01
   8.4586880e-01   8.5606176e-01   8.5312428e-01
   8.2972888e-01   6.5160865e-01   8.2906449e-01
   3.3431487e-01   8.3315657e-01   6.6515226e-01
   7.5179897e-01   8.3701135e-01   8.1734663e-01
   7.4099275e-01   8.3324232e-01   8.5119105e-01
   7.3640664e-01   8.4266577e-01   6.6369054e-01
   7.9763528e-01   8.4822370e-01   6.5594317e-01
   8.5319894e-01   8.5466193e-01   8.5013883e-01
   8.4577488e-01   8.5556940e-01   7.0709934e-01
   6.0985084e-01   8.5171050e-01   8.4997020e-01
   8.5017011e-01   8.5379650e-01   8.5482916e-01
   8.4464048e-01   8.4916648e-01   8.4700487e-01
   7.6374144e-01   8.4642918e-01   8.0829172e-01
   8.0521959e-01   8.4303276e-01   5.5349545e-01
   8.5044292e-01   8.5367065e-01   8.0907567e-01
   5.9940086e-01   7.3690613e-01   3.9507516e-01
   5.7459690e-01   8.5232724e-01   8.5057339e-01
   8.5240995e-01   8.2607360e-01   6.3529203e-01
   7.4094692e-01   8.4524697e-01   7.5711318e-01
   6.1564912e-01   8.4184756e-01   8.4729622e-01
   8.5157162e-01   8.4416038e-01   8.3912605e-01
   8.4604065e-01   7.7684037e-01   8.4697026e-01
   8.3179011e-01   8.4330650e-01   5.7452543e-01
   7.2891073e-01   8.3902429e-01   8.5048861e-01
   8.4667667e-01   8.4718492e-01   8.4691323e-01
   8.4927223e-01   2.4999631e-01   7.7555530e-01
   7.9318917e-01   8.3316018e-01   8.4339474e-01
   7.7534204e-01   8.4788567e-01   7.9611424e-01
   4.3563730e-01   6.1281745e-01   5.7428041e-01
   6.4207095e-01   8.2562393e-01   8.2973165e-01
   7.6808356e-01   8.5003757e-01   8.4091416e-01
   7.9416159e-01   8.4333328e-01   8.5256721e-01
   7.4768101e-01   3.4418638e-01   8.4760719e-01
   8.3625346e-01   8.3716504e-01   6.7167216e-01
   8.4728350e-01   7.3896160e-01   8.4166039e-01
   8.4630258e-01   8.2930477e-01   8.4495515e-01
   8.3009030e-01   8.4983100e-01   7.5889480e-01
   7.9271395e-01   8.5218118e-01   8.4395037e-01
   7.2927442e-01   7.9707237e-01   8.5027780e-01
   7.2556340e-01   7.8909141e-01   8.3783270e-01
   6.0778158e-01   5.4522343e-01   8.1789831e-01
   6.4668412e-01   8.4656502e-01   6.5795745e-01
   6.8341807e-01   8.2783592e-01   5.9554788e-01
   8.4025110e-01   8.4552315e-01   8.4917821e-01
   4.3483890e-01   2.9856795e-01   8.3012994e-01
   3.3644658e-01   5.6924077e-01   5.7851448e-01
   7.4627056e-01   8.5085403e-01   7.8451929e-01
   8.4316793e-01   8.4680981e-01   8.4398662e-01
   8.5035711e-01   8.4965064e-01   8.4974775e-01
   8.5136239e-01   8.3772517e-01   8.4858093e-01
   7.8544996e-01   8.5251638e-01   8.2400037e-01
   7.8499540e-01   8.3756796e-01   8.3751106e-01
   2.8738671e-01   5.7888359e-01   4.6613339e-01
   8.0796074e-01   8.0402158e-01   8.4278166e-01
   8.1190234e-01   8.5000310e-01   3.5562138e-01
   8.4101453e-01   8.5251735e-01   8.4003603e-01
   8.5194756e-01   8.4246506e-01   8.2947515e-01
   8.5124319e-01   8.4562439e-01   8.4992804e-01
   8.5144305e-01   8.5141639e-01   6.4292309e-01
   8.2927252e-01   8.4738894e-01   8.4296254e-01
   7.1852406e-01   8.5022159e-01   8.4768633e-01
   4.9026296e-01   6.0934153e-01   6.1939343e-01
   8.3785887e-01   8.4416801e-01   8.4546782e-01
   8.3938318e-01   8.4345930e-01   8.3987435e-01
   8.4762454e-01   8.4295538e-01   8.3230906e-01
   8.5147394e-01   8.4587127e-01   8.1926482e-01
   8.0118274e-01   8.5430995e-01   8.4326410e-01
   8.2887591e-01   8.4706602e-01   8.1971533e-01
   7.0440173e-01   8.3184665e-01   8.5010897e-01
   7.3779624e-01   7.9753076e-01   7.5800011e-01
   8.4313074e-01   8.4040359e-01   7.3400250e-01
   8.5117928e-01   8.4655570e-01   8.4793107e-01
   6.2285604e-01   8.4559743e-01   3.7623056e-01
   8.2500728e-01   8.4531215e-01   8.3851883e-01
   8.2451584e-01   6.8143551e-01   6.6933285e-01
   7.8939264e-01   8.4436573e-01   8.4301240e-01
   8.3299878e-01   8.4839915e-01   8.3198955e-01
   8.4589650e-01   7.8687344e-01   8.5168194e-01
   6.5757095e-01   5.9532829e-01   8.3651709e-01
   7.9334308e-01   8.4826063e-01   8.4356145e-01
   8.3462777e-01   7.7212670e-01   7.6230595e-01
   8.1600330e-01   8.3851668e-01   8.2397806e-01
