   8.4803664e-01   8.4756862e-01   8.4297987e-01
   7.8586927e-01   8.5353076e-01   8.0185480e-01
   8.2087737e-01   8.4819215e-01   8.5130060e-01
   8.4531108e-01   8.5360250e-01   8.5326790e-01
   8.5075270e-01   8.5074310e-01   8.3724733e-01
   8.4847961e-01   8.4928593e-01   8.4887376e-01
   8.5131638e-01   8.4989424e-01   4.5306291e-01
   8.4726658e-01   8.5086561e-01   8.4605915e-01
   6.6061235e-01   8.4108034e-01   8.4347959e-01
   8.4917089e-01   8.4250211e-01   8.0501977e-01
   8.2614849e-01   8.3497289e-01   7.9679768e-01
   8.5097018e-01   8.5091885e-01   8.4859445e-01
   8.4746268e-01   8.2261499e-01   8.4973604e-01
   8.2484602e-01   7.5678222e-01   6.1829695e-01
   8.5337282e-01   8.5004124e-01   8.5222836e-01
   8.4891517e-01   8.5104790e-01   7.8251988e-01
   3.5962767e-01   8.4341594e-01   8.2158501e-01
   8.3654454e-01   8.5246251e-01   8.3863412e-01
   8.4809154e-01   8.4586347e-01   8.3539477e-01
   8.3887494e-01   8.5140950e-01   8.3045491e-01
   8.4809536e-01   8.5206453e-01   7.7016944e-01
   8.3237433e-01   8.4878731e-01   8.3033508e-01
   7.6604244e-01   8.4369763e-01   8.2986973e-01
   7.8954045e-01   8.5178903e-01   8.4978539e-01
   8.5157942e-01   8.4997465e-01   8.5200583e-01
   8.5133214e-01   8.5001026e-01   8.5043946e-01
   8.5081567e-01   8.4965224e-01   8.5386449e-01
   7.8045550e-01   8.4399164e-01   8.3564046e-01
   8.4884165e-01   8.5045007e-01   8.5100843e-01
   8.4951482e-01   8.5295957e-01   8.5070643e-01
   8.5350171e-01   8.5230798e-01   7.8413991e-01
   5.7212809e-01   8.4797669e-01   8.3944367e-01
   8.3142620e-01   8.3692500e-01   8.2515590e-01
   6.5520766e-01   8.4635574e-01   8.2068025e-01
   7.7624587e-01   7.5268608e-01   7.8371685e-01
   8.3620967e-01   8.4941243e-01   8.2559175e-01
   8.4650147e-01   8.4991024e-01   8.4952430e-01
   8.0328725e-01   8.5132213e-01   8.5059601e-01
   4.5435461e-01   6.2096120e-01   8.3698030e-01
   8.5479020e-01   8.4944011e-01   8.2929519e-01
   8.4452592e-01   7.7195705e-01   8.4010851e-01
   8.4523854e-01   8.4041098e-01   8.3185070e-01
   7.9534298e-01   8.5032254e-01   8.3699042e-01
   8.2450677e-01   8.1418055e-01   8.3908816e-01
   8.5446720e-01   8.5068127e-01   8.5125761e-01
   8.1292776e-01   8.5201792e-01   8.5543170e-01
   8.5131445e-01   8.4830598e-01   8.4447252e-01
   8.4680756e-01   7.5497015e-01   8.5244662e-01
   8.0863184e-01   8.5143732e-01   8.4958613e-01
   8.4817133e-01   8.2469493e-01   8.3617585e-01
   6.1042297e-01   3.1820041e-01   8.4876606e-01
   5.5109746e-01   8.2961066e-01   8.4703485e-01
   8.5415816e-01   8.5179254e-01   8.5250354e-01
   8.3624999e-01   8.3201450e-01   8.3296216e-01
   8.5049565e-01   8.4679816e-01   8.4509980e-01
   8.2042840e-01   8.3148500e-01   8.2854584e-01
   8.3124657e-01   8.3913150e-01   8.4966892e-01
   6.8194684e-01   7.8648159e-01   8.5320528e-01
   7.9360352e-01   8.5082238e-01   8.4842316e-01
   8.4100880e-01   8.4595773e-01   8.3797696e-01
   7.6162387e-01   8.5013992e-01   8.4393814e-01
   8.4530510e-01   8.4240611e-01   8.4988503e-01
   8.5140290e-01   8.5040794e-01   8.3430563e-01
   8.4699336e-01   8.5686797e-01   8.5262539e-01
   8.4529905e-01   8.4974141e-01   8.4965653e-01
   8.0348315e-01   8.3055133e-01   8.4260226e-01
   7.3397780e-01   8.4810162e-01   8.3858556e-01
   8.4594158e-01   8.3877166e-01   8.4610507e-01
   7.5048939e-01   8.5118427e-01   8.5281309e-01
   7.3255745e-01   8.4742491e-01   8.4321261e-01
   8.3945050e-01   8.4746134e-01   8.4587048e-01
   6.2642629e-01   8.4835971e-01   8.4922303e-01
   6.9650352e-01   8.4586143e-01   8.5099724e-01
   7.6617507e-01   8.5095540e-01   8.1134562e-01
   6.7138307e-01   8.5194200e-01   6.6247938e-01
   5.9377570e-01   8.4987516e-01   5.8090551e-01
   7.2107783e-01   7.8762560e-01   6.0560291e-01
   8.4910890e-01   8.5207121e-01   8.5051957e-01
   7.9527434e-01   8.4275914e-01   8.3070850e-01
   6.7956921e-01   8.5281166e-01   8.3516206e-01
   8.4913127e-01   8.4306167e-01   8.4494119e-01
   8.5011438e-01   8.4171807e-01   8.4576910e-01
   8.1464076e-01   8.3837880e-01   8.4523643e-01
   7.0736706e-01   8.4064916e-01   8.3602557e-01
   8.4025278e-01   8.4971937e-01   8.4893229e-01
   3.0896222e-01   7.7422202e-01   2.4846668e-01
   8.5370933e-01   8.4978960e-01   8.4992735e-01
   8.4718258e-01   8.4944902e-01   8.5048075e-01
   8.4755775e-01   8.4126278e-01   8.4769113e-01
   7.3100662e-01   8.4868413e-01   7.3938440e-01
   8.4938144e-01   8.3877904e-01   6.6580959e-01
   8.4888097e-01   8.4560099e-01   7.1432000e-01
   8.4906151e-01   8.4975128e-01   8.5289640e-01
   6.6334784e-01   8.5342493e-01   8.0146837e-01
   8.4179796e-01   8.4374548e-01   8.4653891e-01
   7.6871438e-01   8.4300524e-01   6.0085922e-01
   7.8066916e-01   8.4917835e-01   7.6370052e-01
   8.5334979e-01   8.4942940e-01   8.5310912e-01
   8.5158648e-01   8.4703579e-01   8.4805797e-01
   7.3023548e-01   7.9983353e-01   8.4195958e-01
