   8.3601337e-01   7.4351709e-01   7.6716586e-01
   8.3653240e-01   8.5241395e-01   8.5068132e-01
   7.3362352e-01   8.5296563e-01   7.9428307e-01
   8.2901637e-01   8.4901471e-01   7.1833261e-01
   8.5064825e-01   8.5374790e-01   8.4504771e-01
   8.3767904e-01   8.4805020e-01   8.4129735e-01
   8.3837309e-01   8.4673860e-01   8.3441250e-01
   8.5167643e-01   8.5472862e-01   7.2585886e-01
   6.6335664e-01   8.4029873e-01   8.2476336e-01
   6.4604074e-01   8.4696813e-01   6.7746500e-01
   8.5017566e-01   8.3986884e-01   6.6445198e-01
   8.2725045e-01   8.4173420e-01   7.9230322e-01
   7.4106828e-01   8.4787324e-01   8.4778749e-01
   8.3670420e-01   8.4748889e-01   8.4855937e-01
   7.3392161e-01   8.5199584e-01   8.4452377e-01
   7.6515624e-01   8.4312681e-01   8.4774392e-01
   8.5126751e-01   8.4601458e-01   8.4950458e-01
   8.4434112e-01   8.4502792e-01   8.4147495e-01
   8.3195589e-01   8.4932740e-01   8.4824173e-01
   8.4268361e-01   8.5243911e-01   7.9538078e-01
   8.5047707e-01   8.3564797e-01   8.2291596e-01
   8.5020660e-01   8.5423927e-01   8.4990344e-01
   8.4626805e-01   8.5052419e-01   8.4795639e-01
   8.3738207e-01   8.3815277e-01   6.1662338e-01
   4.0698716e-01   2.7828539e-01   2.3681503e-01
   8.5197337e-01   8.4650014e-01   8.3670149e-01
   8.3516605e-01   8.5025314e-01   8.5114797e-01
   8.4821452e-01   8.4409595e-01   8.4699028e-01
   8.1908841e-01   8.4355947e-01   7.8466389e-01
   8.4932772e-01   8.2013032e-01   8.4811961e-01
   7.2985769e-01   8.5066760e-01   8.4363780e-01
   8.5115961e-01   8.4725671e-01   8.5223981e-01
   8.4885279e-01   8.5349193e-01   8.4928377e-01
   8.4849533e-01   8.4261075e-01   6.1806476e-01
   8.4054584e-01   8.4710999e-01   8.4403063e-01
   8.5236517e-01   8.5447770e-01   8.4249017e-01
   8.5018587e-01   8.5163412e-01   7.7954572e-01
   8.5308323e-01   8.5017391e-01   6.3838137e-01
   8.4879519e-01   8.3776096e-01   8.4604853e-01
   7.9797954e-01   8.4247520e-01   8.5152981e-01
   8.4715596e-01   8.5102402e-01   8.5143262e-01
   8.5278903e-01   8.4905766e-01   8.4905767e-01
   7.9785390e-01   8.4487964e-01   8.3070625e-01
   8.4990802e-01   8.3232832e-01   8.1291217e-01
   8.4012350e-01   8.4493006e-01   8.2152146e-01
   8.5060611e-01   8.4916283e-01   8.4532549e-01
   8.3904366e-01   8.4574514e-01   8.4164455e-01
   8.5117960e-01   8.4535055e-01   8.4579156e-01
   8.3393219e-01   8.4058742e-01   8.3629221e-01
   8.4886031e-01   8.4619699e-01   8.4675149e-01
   6.1525514e-01   8.4919267e-01   8.4671096e-01
   6.7130023e-01   8.5251647e-01   8.4960760e-01
   8.4921225e-01   8.4496218e-01   8.4228146e-01
   7.9564874e-01   8.4709318e-01   8.4881556e-01
   7.1238727e-01   8.4721243e-01   7.5607120e-01
   7.9201539e-01   8.4723646e-01   8.5128978e-01
   8.4041706e-01   8.4951006e-01   8.4226069e-01
   8.5246175e-01   7.9910573e-01   8.4662129e-01
   7.8314097e-01   8.5308309e-01   8.4928288e-01
   8.5451503e-01   8.0532871e-01   7.3399565e-01
   8.5186120e-01   8.5156698e-01   8.3180196e-01
   8.5133607e-01   8.5224245e-01   8.5325691e-01
   8.1989013e-01   8.5099496e-01   8.4817180e-01
   8.4269108e-01   8.4488162e-01   8.4727319e-01
   7.0984009e-01   8.3082941e-01   8.2589353e-01
   8.5054508e-01   8.4525948e-01   6.3004955e-01
   5.0281597e-01   8.4784688e-01   8.4754399e-01
   7.7366235e-01   8.3767344e-01   8.3635871e-01
   7.0225716e-01   8.4032436e-01   8.4731792e-01
   8.3019388e-01   8.4413275e-01   6.3620230e-01
   8.4652257e-01   8.4172331e-01   8.4606470e-01
   8.4278657e-01   8.4970506e-01   8.4807123e-01
   8.2765454e-01   8.4594199e-01   8.4432446e-01
   8.0823267e-01   8.4229593e-01   8.4287666e-01
   8.3996447e-01   8.4123500e-01   8.4379762e-01
   8.4703745e-01   8.5155239e-01   8.0643193e-01
   8.3428477e-01   8.5119806e-01   8.4564179e-01
   8.4855565e-01   8.0594825e-01   6.6945559e-01
   6.6943668e-01   8.4943768e-01   8.0347789e-01
   8.3509175e-01   8.4949026e-01   8.4456508e-01
   8.5249191e-01   8.5059037e-01   8.4779533e-01
   8.5411690e-01   8.5140776e-01   7.6833782e-01
   8.4269890e-01   8.4843014e-01   8.4364849e-01
   8.5316414e-01   8.4607159e-01   8.4450319e-01
   7.9162149e-01   8.3140606e-01   8.3231957e-01
   8.4116673e-01   8.4968238e-01   8.5230097e-01
   8.4107120e-01   8.4560009e-01   8.3772877e-01
   5.6656147e-01   8.4570678e-01   8.4865846e-01
   7.9996086e-01   8.5193751e-01   7.9726342e-01
   8.5473270e-01   8.5026809e-01   7.3960292e-01
   8.5157985e-01   8.5048285e-01   6.8833102e-01
   6.7448880e-01   8.4901865e-01   8.5036863e-01
   6.8594232e-01   8.2268684e-01   8.4605697e-01
   8.4724482e-01   8.5026710e-01   8.4607433e-01
   6.0958857e-01   8.5144807e-01   8.3968438e-01
   8.4846542e-01   8.3417870e-01   8.4380291e-01
   5.7127194e-01   8.4990410e-01   8.4094843e-01
   8.4648295e-01   8.4820677e-01   8.3856956e-01
   8.5181829e-01   8.5019978e-01   8.3915908e-01
   6.5186749e-01   8.4057853e-01   8.4870139e-01
