   9.5577754e-02   1.7176325e-01   1.0171787e-01
   8.5504977e-01   3.1240190e-01   8.5457726e-01
   1.0217568e-01   1.1544488e-01   1.1942173e-01
   8.5202677e-01   5.5941472e-01   8.5249041e-01
   6.7398197e-01   2.4156657e-01   8.0835371e-01
   8.3434494e-01   8.9419631e-02   8.2569432e-01
   8.1815845e-02   1.7529148e-01   8.2830594e-02
   1.4989689e-01   6.5155948e-02   1.6194155e-01
   1.4312521e-01   6.4644410e-02   1.5523444e-01
   5.9278591e-01   2.3625913e-02   5.9968746e-01
   7.7561082e-01   5.9690071e-01   7.6981587e-01
   1.5805493e-01   4.7179086e-02   1.8194020e-01
   8.4711541e-01   5.6675636e-01   8.4600402e-01
   8.4550910e-01   8.4289235e-01   8.5222385e-01
   1.3663879e-01   2.2628785e-01   1.4305907e-01
   5.3020622e-02   7.1637306e-02   6.8810585e-02
   2.8246360e-01  -6.4610754e-01   1.6650945e-01
   5.4067778e-01   1.9215383e-01   5.4605089e-01
   7.2536798e-01   1.8564979e-01   7.5705012e-01
   1.1725897e-01   1.0567970e-01   1.1375143e-01
   1.2061396e-01   1.3348506e-01   1.5008817e-01
   1.3885435e-01   1.6871569e-01   1.3019247e-01
   1.8497409e-01   1.8543881e-01   2.1578246e-01
   2.9372304e-01   1.9758540e-01   2.9659864e-01
   5.8275704e-01   5.3320915e-01   5.9971085e-01
   1.9089587e-01   1.7309943e-01   1.9177437e-01
   5.1814023e-01   4.4650304e-01   5.1703845e-01
   2.0170054e-01   3.1391612e-01   2.1873368e-01
   4.7787136e-01  -1.4942733e-01   4.2570624e-01
   2.4160240e-01   1.1940669e-01   2.7103457e-01
   2.2559566e-01   9.3143958e-02   2.3614121e-01
   2.4472427e-01   2.3230247e-01   2.4459552e-01
   1.1604577e-01   1.3090790e-01   1.1756072e-01
   1.4232887e-01   7.3466792e-02   1.5976137e-01
   5.9121110e-01   1.9661987e-01   6.1411075e-01
   3.0607622e-01   2.1327051e-01   3.1671276e-01
   7.5770721e-01   2.0246077e-01   7.0018687e-01
   5.9869419e-01   1.7845580e-01   6.1461636e-01
   5.0198489e-01   5.8016958e-01   5.3178538e-01
   2.0495951e-01   6.0161784e-02   2.3326474e-01
   1.7382773e-01   1.2953845e-01   1.8070539e-01
   1.7277115e-01   4.4365018e-02   1.8218202e-01
   1.2577017e-01   7.7556593e-02   1.2327648e-01
   5.4686118e-01   1.6951286e-01   6.3131771e-01
   3.3091414e-01   5.7557132e-02   3.3208921e-01
   4.5710187e-01   1.0884187e-01   4.9173287e-01
   6.7616062e-01   3.5581438e-01   6.5565866e-01
   4.2579347e-01   7.9003479e-02   4.6047825e-01
   1.4816954e-01   1.4527941e-01   1.4096765e-01
   5.8147669e-01  -3.2109459e-01   5.8630788e-01
   5.6342051e-01   1.0994074e-01   5.6310821e-01
   5.3710726e-02  -3.5436609e-01   2.4446192e-01
   8.5369834e-01   5.3990250e-01   8.5300922e-01
   8.4514885e-01   3.5197212e-01   8.4688309e-01
   5.4379573e-01   4.5596095e-01   5.4326094e-01
   8.5364615e-01   1.0741160e-01   8.5132886e-01
   8.4441533e-01   2.8334305e-01   8.4272260e-01
   6.2800326e-01  -7.1227864e-02   6.3797991e-01
   8.4973593e-01   5.9017615e-01   8.5229002e-01
   5.8884940e-01   2.5790814e-01   5.8898991e-01
   5.1091848e-01   1.8834843e-01   5.6807505e-01
   8.0514712e-01   1.7102726e-01   8.3442945e-01
   7.5594776e-01   1.0437992e-01   7.7796330e-01
   8.4340229e-01   3.3882727e-01   8.4218050e-01
   2.0889597e-01   8.7978420e-02   1.9953475e-01
   5.8538119e-01   2.3167750e-01   5.8642454e-01
   7.6754532e-02   1.9878448e-01   9.2281818e-02
   8.5469326e-01   4.8628909e-01   8.5446695e-01
   3.7723885e-01   1.7246855e-01   3.6071305e-01
   8.5002142e-01   8.2658235e-01   8.4856682e-01
   1.1040802e-01   1.3499679e-01   1.1677660e-01
   1.8296693e-01   1.5044426e-01   1.7608550e-01
   7.6879213e-01   6.6414110e-01   7.6589186e-01
   4.0800622e-01   5.8705683e-01   4.4176713e-01
   8.5023785e-01   6.4507583e-02   8.5039613e-01
   1.8993031e-01   1.1979951e-01   1.9052422e-01
   1.4810755e-01  -1.6338838e-01   1.5395241e-01
   2.1795574e-01   1.5670987e-01   2.1057804e-01
   1.0932225e-01   1.1510895e-01   1.3874553e-01
   2.4654701e-01   3.2786360e-01   2.7762539e-01
   2.7207634e-01   1.9129112e-01   2.8397224e-01
   1.7036932e-01   1.6841169e-01   1.6547128e-01
   1.3103834e-01  -1.1342499e-01   1.5064317e-01
   3.8274205e-01   2.3932639e-01   4.2875739e-01
   1.1333639e-01   7.2066098e-02   1.2933933e-01
   3.0124147e-01   1.3721436e-01   3.1926582e-01
   1.5494582e-01   1.1093141e-01   1.5364786e-01
   1.4778128e-01   1.4099875e-01   1.5277914e-01
   8.4237069e-01   1.0467492e-01   8.4023170e-01
   1.5480492e-01  -3.8997771e-01   1.5674105e-01
   2.7417734e-01   2.1615938e-01   3.1928311e-01
   6.1592575e-01   1.2738299e-01   6.4428817e-01
   5.5594224e-01   2.0199477e-01   5.6218730e-01
   6.0775510e-01   3.2439698e-01   6.0684576e-01
   8.4576429e-01   1.1241060e-01   8.4308826e-01
   1.8877474e-01   8.2874419e-02   2.0039883e-01
   8.5516835e-01   7.0722904e-01   8.5513799e-01
   4.8960315e-01   5.0224353e-01   5.2102243e-01
   6.4301975e-01   7.4549176e-01   6.4438026e-01
   6.0965867e-01   4.5256233e-01   6.0605108e-01
