   8.4258904e-01   8.4372277e-01   8.4335118e-01
   7.4254528e-01   8.5117675e-01   8.4808837e-01
   8.4490711e-01   8.4460651e-01   8.5276755e-01
   6.0496220e-01   8.4489436e-01   8.2900537e-01
   8.4948089e-01   8.4263573e-01   8.4930011e-01
   8.5182320e-01   8.3854160e-01   8.5002274e-01
   8.4994992e-01   8.1179447e-01   7.0298961e-01
   8.5294732e-01   8.5280547e-01   8.5101526e-01
   8.0018669e-01   8.5477212e-01   8.3517571e-01
   8.4071082e-01   8.4606560e-01   8.4961987e-01
   8.5217673e-01   6.4696573e-01   6.7814927e-01
   7.4594652e-01   7.7165731e-01   8.4486738e-01
   8.1820285e-01   8.4871340e-01   8.5212942e-01
   8.4834420e-01   8.5297420e-01   8.3135967e-01
   6.5625304e-01   8.4887900e-01   8.4921138e-01
   8.5428696e-01   8.5046968e-01   8.4778216e-01
   8.3308004e-01   8.4893239e-01   8.4733390e-01
   8.2994086e-01   8.4841075e-01   5.5316619e-01
   8.5123883e-01   8.5023642e-01   8.4459716e-01
   8.4924604e-01   8.5028665e-01   8.4462526e-01
   6.4430405e-01   8.5087602e-01   8.0226190e-01
   8.5006542e-01   8.5270045e-01   8.5085915e-01
   8.5054535e-01   8.5145397e-01   7.2272545e-01
   8.5211887e-01   8.4724045e-01   8.5249847e-01
   8.3634298e-01   8.4326686e-01   8.4178206e-01
   7.4124321e-01   8.4277441e-01   8.3905289e-01
   8.2596732e-01   8.4894166e-01   8.4498195e-01
   8.5155528e-01   8.5171875e-01   8.3892468e-01
   7.1885507e-01   8.5215677e-01   8.3592137e-01
   7.9859300e-01   8.5378784e-01   8.3844031e-01
   8.5077704e-01   8.4708191e-01   8.4591600e-01
   5.6988648e-01   7.4271318e-01   7.4028212e-01
   8.4917662e-01   8.3878611e-01   8.4251118e-01
   8.2135464e-01   7.2546436e-01   7.8238521e-01
   8.5241187e-01   8.5077117e-01   6.8919222e-01
   8.5160958e-01   8.5009147e-01   8.5008643e-01
   7.4829505e-01   8.4128734e-01   8.0635232e-01
   8.5184087e-01   8.5006753e-01   8.5053703e-01
   8.5028145e-01   8.4777305e-01   6.3206461e-01
   7.4948472e-01   8.4797661e-01   8.5000249e-01
   8.4182293e-01   8.0483492e-01   8.3435904e-01
   8.4767579e-01   8.4887997e-01   8.4875956e-01
   8.4297280e-01   8.4577022e-01   8.4979950e-01
   8.4272877e-01   8.5190191e-01   8.2630494e-01
   8.1999959e-01   8.3106434e-01   8.2028346e-01
   8.4858007e-01   8.5316870e-01   8.3882607e-01
   8.4895247e-01   8.4606401e-01   8.2220747e-01
   8.5383583e-01   8.4891465e-01   8.5191805e-01
   8.3574889e-01   8.5314106e-01   8.4567413e-01
   7.7542224e-01   8.4811673e-01   8.3279397e-01
   8.4712002e-01   8.4718842e-01   8.3699466e-01
   7.8961229e-01   8.5161823e-01   8.4549649e-01
   8.3925717e-01   8.4589074e-01   8.3848506e-01
   8.5534615e-01   8.4959190e-01   8.1376521e-01
   8.2516671e-01   8.5013849e-01   8.5324132e-01
   8.5369513e-01   8.4639544e-01   8.5325671e-01
   7.8523028e-01   8.4969600e-01   7.2199954e-01
   7.7868898e-01   8.5207271e-01   8.4896279e-01
   8.2691501e-01   8.2447961e-01   8.4887002e-01
   8.3281408e-01   8.4988366e-01   6.2625172e-01
   6.0887934e-01   8.4958609e-01   8.5036197e-01
   8.4315586e-01   8.3503414e-01   8.4176493e-01
   7.8342236e-01   8.5046566e-01   8.4437971e-01
   7.3416562e-01   8.5204038e-01   8.5063727e-01
   8.5243805e-01   8.5068571e-01   8.5017532e-01
   8.5322350e-01   8.4904390e-01   8.4749338e-01
   8.3640363e-01   8.4903372e-01   8.3683956e-01
   8.5272364e-01   8.5125064e-01   8.5147027e-01
   8.4653790e-01   8.4027420e-01   8.5038222e-01
   8.5311989e-01   8.3031034e-01   7.1737529e-01
   8.1810855e-01   8.5243665e-01   7.5042042e-01
   6.9596860e-01   8.4841705e-01   7.8767813e-01
   8.3792264e-01   8.4748767e-01   8.4666411e-01
   8.4123956e-01   8.5064848e-01   8.3051255e-01
   7.7950627e-01   8.4631149e-01   8.0778022e-01
   8.5027381e-01   8.4552640e-01   8.5092676e-01
   8.5137684e-01   8.5051532e-01   8.4968759e-01
   7.6725735e-01   8.3619249e-01   8.4234567e-01
   7.3320807e-01   8.2636423e-01   7.4895126e-01
   8.4702255e-01   8.4754241e-01   8.3141196e-01
   8.4188792e-01   8.4896269e-01   8.4033797e-01
   8.5457255e-01   8.4900428e-01   8.5030235e-01
   8.5284959e-01   8.2793056e-01   8.4746938e-01
   8.4899734e-01   8.5137713e-01   8.5074416e-01
   8.3372736e-01   8.4518364e-01   8.4925045e-01
   8.0616371e-01   8.4570026e-01   8.5072254e-01
   7.3923232e-01   8.4985366e-01   8.5062582e-01
   7.1162278e-01   8.5140733e-01   8.5045996e-01
   7.7433143e-01   8.4869002e-01   8.4936533e-01
   7.6791753e-01   8.4976446e-01   8.4572441e-01
   8.3611346e-01   8.4664188e-01   8.4128102e-01
   7.5215816e-01   8.4765965e-01   8.0793489e-01
   6.7679108e-01   8.4575045e-01   8.0329185e-01
   8.4893534e-01   8.4973038e-01   8.3891341e-01
   7.5593186e-01   8.4779308e-01   8.4970662e-01
   8.5226952e-01   8.4955445e-01   8.5009880e-01
   8.4963093e-01   8.5162024e-01   8.4899344e-01
   8.5157444e-01   8.4208044e-01   8.2588636e-01
   7.5434176e-01   8.5067074e-01   8.5066757e-01
   8.1509805e-01   8.3932721e-01   3.7994581e-01
