   8.5215054e-01   8.4986351e-01   8.5169974e-01
   8.4225573e-01   8.4642066e-01   8.4633033e-01
   8.4973171e-01   8.4876233e-01   7.5118963e-01
   8.4379668e-01   8.4852778e-01   8.2890709e-01
   7.3764050e-01   8.4676683e-01   8.4847147e-01
   8.5355278e-01   8.5258155e-01   7.1877142e-01
   8.2811117e-01   8.4733404e-01   8.3505464e-01
   8.0261755e-01   8.5010077e-01   7.0115812e-01
   8.4592317e-01   8.4747712e-01   8.3140497e-01
   8.0031582e-01   8.5044558e-01   8.4222350e-01
   8.4767247e-01   8.5088115e-01   8.5151732e-01
   7.7220053e-01   8.4688033e-01   8.4484266e-01
   7.9169948e-01   8.4789642e-01   8.4754890e-01
   8.4974315e-01   8.4913739e-01   8.5159280e-01
   8.3640444e-01   8.4436654e-01   8.4654064e-01
   6.8677175e-01   8.5099471e-01   8.5118260e-01
   8.4919910e-01   8.4797783e-01   8.4109199e-01
   8.5055240e-01   8.4601023e-01   8.4238710e-01
   8.5099278e-01   8.3000051e-01   8.4590042e-01
   6.1518779e-01   8.4316078e-01   8.2551981e-01
   7.0374391e-01   8.5151563e-01   8.5144407e-01
   8.4851421e-01   8.4030863e-01   8.5016278e-01
   8.5064247e-01   8.4910689e-01   8.5252745e-01
   7.9910995e-01   8.2846768e-01   8.5115809e-01
   7.4260419e-01   8.5031805e-01   8.5021972e-01
   8.5062409e-01   8.4638962e-01   8.3598533e-01
   5.6365168e-01   8.4113565e-01   6.1527029e-01
   8.1078488e-01   8.0593711e-01   8.5168917e-01
   7.8232023e-01   8.5063265e-01   8.0856435e-01
   8.4447583e-01   8.5310141e-01   5.7137893e-01
   7.6722452e-01   8.4228946e-01   8.4896579e-01
   8.5435941e-01   8.4832037e-01   8.4137520e-01
   8.5033648e-01   8.4753523e-01   8.4975701e-01
   8.4397849e-01   8.4854392e-01   8.4850426e-01
   7.6014518e-01   8.5254113e-01   8.4936525e-01
   7.0222492e-01   8.5094567e-01   8.4000316e-01
   7.2355117e-01   8.1586873e-01   8.4916316e-01
   7.2859826e-01   8.4334089e-01   8.5052183e-01
   7.3169219e-01   8.4900729e-01   8.4352212e-01
   8.5316652e-01   8.4983993e-01   8.4995508e-01
   7.6682903e-01   8.3785668e-01   8.4516691e-01
   7.0808969e-01   8.3781448e-01   8.4887882e-01
   3.3069223e-01   8.4814021e-01   2.9575188e-01
   8.2644807e-01   8.4267595e-01   8.5251796e-01
   7.9283066e-01   8.4246857e-01   8.5040565e-01
   8.5133776e-01   8.5304610e-01   8.5452910e-01
   8.4317238e-01   8.4179515e-01   8.2775665e-01
   8.5005648e-01   8.4802385e-01   8.4853763e-01
   8.5248833e-01   8.5015541e-01   8.5003435e-01
   7.0692851e-01   8.3737829e-01   8.4597477e-01
   8.4106149e-01   8.4782824e-01   4.9546223e-01
   8.3730789e-01   8.4557513e-01   8.4568578e-01
   8.4248536e-01   8.4530500e-01   8.5114259e-01
   6.0129539e-01   8.3643072e-01   8.3920521e-01
   8.5384789e-01   8.5069943e-01   8.5358741e-01
   8.4286946e-01   8.2708375e-01   8.4214768e-01
   8.4971692e-01   8.4897685e-01   8.4178275e-01
   5.8047190e-01   8.4847384e-01   8.3410455e-01
   8.3042655e-01   8.4775201e-01   8.4936931e-01
   8.4454589e-01   8.3933393e-01   8.4587327e-01
   8.5137450e-01   8.5242619e-01   8.5243415e-01
   6.5773709e-01   8.4115355e-01   8.3913680e-01
   8.4161325e-01   8.4322409e-01   8.0866494e-01
   8.3579310e-01   8.4344590e-01   8.4319852e-01
   7.9479800e-01   8.4403235e-01   8.4475534e-01
   8.4752779e-01   8.4973999e-01   8.5461714e-01
   8.4825276e-01   8.5079554e-01   8.4273496e-01
   8.4999834e-01   8.4474447e-01   8.5136256e-01
   8.5171531e-01   8.4853450e-01   8.4911374e-01
   8.2839321e-01   8.3836090e-01   8.3587993e-01
   8.5353485e-01   8.4926675e-01   8.5252384e-01
   8.1379021e-01   8.5174555e-01   8.4708965e-01
   7.5337669e-01   8.5363013e-01   8.4652427e-01
   8.5332398e-01   8.5053210e-01   8.4230416e-01
   7.9303498e-01   8.5004331e-01   8.5329531e-01
   8.5251038e-01   8.5328959e-01   8.5392674e-01
   8.0546252e-01   7.8278210e-01   7.6917187e-01
   6.8142754e-01   8.4760278e-01   8.4316737e-01
   7.6549371e-01   8.5037081e-01   7.8790025e-01
   6.4091461e-01   8.5421401e-01   8.4944962e-01
   8.5114676e-01   8.4794867e-01   8.4553143e-01
   8.1254945e-01   8.4957152e-01   8.2515738e-01
   6.6305840e-01   8.5094021e-01   8.0502054e-01
   8.4114576e-01   8.4688475e-01   8.4637475e-01
   8.5187319e-01   8.4983449e-01   8.4849907e-01
   7.6445910e-01   8.0203515e-01   8.2657603e-01
   8.0976984e-01   8.3490099e-01   8.3794391e-01
   7.9748855e-01   8.4047600e-01   8.4711581e-01
   7.9619327e-01   8.4868268e-01   8.4770419e-01
   8.4318065e-01   8.4967379e-01   8.5100873e-01
   7.7947666e-01   8.5342587e-01   8.4882950e-01
   7.3647098e-01   8.5054410e-01   8.5018243e-01
   6.4813534e-01   8.4795204e-01   6.7354426e-01
   8.3804157e-01   8.5150725e-01   8.4434416e-01
   8.1118333e-01   8.4701893e-01   8.4423249e-01
   8.5354049e-01   8.4897429e-01   7.7333488e-01
   5.9153370e-01   8.4856150e-01   7.0592716e-01
   8.5246060e-01   8.5120778e-01   8.5016500e-01
   8.3594547e-01   8.4426213e-01   8.2956442e-01
   8.3359664e-01   8.3635105e-01   8.4948137e-01
