   6.6514418e-01   8.4153590e-01   7.8828875e-01
   8.4801586e-01   8.4462463e-01   8.4555815e-01
   7.6015381e-01   8.4958184e-01   8.5029252e-01
   8.0813129e-01   8.4998104e-01   8.4653315e-01
   7.4411337e-01   8.2627253e-01   8.4979634e-01
   8.0392920e-01   8.4682519e-01   8.3286915e-01
   7.2394308e-01   8.4624836e-01   8.4778480e-01
   8.5349646e-01   8.5344904e-01   8.4602822e-01
   8.5064164e-01   6.4219892e-01   8.4090421e-01
   8.3290966e-01   8.5041656e-01   8.3851618e-01
   7.9786629e-01   8.4478720e-01   8.5487297e-01
   8.4365627e-01   8.1602472e-01   7.3051545e-01
   8.5169679e-01   8.5125099e-01   8.4958766e-01
   8.5303960e-01   8.5091095e-01   8.5291410e-01
   8.4916910e-01   8.3071724e-01   8.4772848e-01
   8.5184451e-01   7.0203160e-01   8.0811573e-01
   8.4901540e-01   7.4827100e-01   7.9788257e-01
   8.3064676e-01   8.4623038e-01   8.4912947e-01
   8.4618547e-01   8.4906073e-01   8.5329670e-01
   8.5088307e-01   8.4576843e-01   8.4792049e-01
   8.2626396e-01   8.5035111e-01   7.8775855e-01
   7.3170451e-01   7.6632311e-01   7.4845577e-01
   8.1396396e-01   8.4730864e-01   8.5029139e-01
   8.5301561e-01   8.4980108e-01   8.5026333e-01
   8.4296675e-01   8.4730489e-01   8.4269560e-01
   8.4364768e-01   8.4927923e-01   8.4764039e-01
   8.4799991e-01   8.4362145e-01   8.3807736e-01
   8.4702252e-01   8.5155479e-01   8.3355327e-01
   8.5109403e-01   8.4951750e-01   8.0269604e-01
   8.4232903e-01   8.4893897e-01   8.5003916e-01
   8.5385365e-01   8.4423168e-01   8.1329982e-01
   8.4411093e-01   8.3898730e-01   7.2372120e-01
   8.5202767e-01   6.9311842e-01   8.4758108e-01
   8.2350117e-01   8.5103031e-01   8.4491976e-01
   8.5096269e-01   8.4910128e-01   8.5081326e-01
   8.5334603e-01   8.5328402e-01   7.6277363e-01
   8.4581126e-01   8.4480801e-01   8.1719947e-01
   8.2183870e-01   8.5099180e-01   7.2832709e-01
   8.4987270e-01   8.5058427e-01   8.5247520e-01
   7.1686750e-01   8.4605649e-01   8.4167020e-01
   7.7315632e-01   8.4714297e-01   8.5012078e-01
   5.8365995e-01   8.5017652e-01   8.4885450e-01
   8.4575873e-01   8.4573228e-01   8.4835751e-01
   8.3619322e-01   8.4890104e-01   8.4910285e-01
   8.0116331e-01   8.3671400e-01   8.3398970e-01
   7.4086074e-01   8.4250119e-01   8.0684242e-01
   6.4024101e-01   8.4638032e-01   8.2517722e-01
   8.5000261e-01   8.5182442e-01   8.5065359e-01
   8.4623442e-01   8.4853965e-01   8.4994307e-01
   8.1090925e-01   8.5046578e-01   8.5038108e-01
   7.5830330e-01   8.3867021e-01   7.7178709e-01
   8.4487836e-01   8.4799646e-01   8.5170972e-01
   8.5341128e-01   8.3972902e-01   8.4777594e-01
   5.8052610e-01   8.4555740e-01   8.4857127e-01
   8.4706798e-01   8.3441942e-01   7.7704686e-01
   8.5250067e-01   8.5060396e-01   8.4873242e-01
   8.5004541e-01   8.4702288e-01   8.4800288e-01
   8.4951131e-01   8.5031468e-01   8.1276160e-01
   7.4507001e-01   8.4878970e-01   8.5262311e-01
   8.5165091e-01   8.4698802e-01   6.9877128e-01
   7.1602169e-01   8.5050252e-01   7.9134017e-01
   8.2200663e-01   8.4856192e-01   8.3439487e-01
   8.2186881e-01   8.4386613e-01   8.3963682e-01
   8.3825591e-01   8.4959003e-01   7.6497297e-01
   6.7795017e-01   8.5082180e-01   8.5326193e-01
   8.4874943e-01   8.2112359e-01   8.3838242e-01
   8.2775569e-01   8.4565165e-01   8.4124838e-01
   8.4833648e-01   8.4447317e-01   8.4927753e-01
   8.5276185e-01   8.4826690e-01   8.5017739e-01
   8.5400894e-01   8.5020811e-01   8.4585172e-01
   8.3114761e-01   8.5103602e-01   8.4561221e-01
   8.4543681e-01   8.4996817e-01   8.5513338e-01
   7.3444632e-01   8.4999668e-01   8.3642295e-01
   8.5288621e-01   8.4816321e-01   7.8801248e-01
   8.5029289e-01   8.3944195e-01   8.4957332e-01
   7.7626679e-01   8.3206856e-01   8.4777238e-01
   8.1999285e-01   8.5135085e-01   8.5202288e-01
   8.5144342e-01   8.4929565e-01   8.4445773e-01
   8.1410434e-01   8.5007194e-01   8.4433710e-01
   8.5188217e-01   8.5203655e-01   8.4832496e-01
   7.9109928e-01   8.2429457e-01   8.4878694e-01
   8.4155180e-01   8.4695236e-01   8.3240836e-01
   8.5023257e-01   8.4792574e-01   8.4929943e-01
   8.5115937e-01   8.4971647e-01   8.5052854e-01
   8.5117234e-01   8.4676995e-01   7.5171174e-01
   7.3826115e-01   8.0974493e-01   8.5140021e-01
   7.2480155e-01   8.4781214e-01   8.4924414e-01
   8.5516266e-01   8.5263930e-01   8.5219098e-01
   8.4654476e-01   8.5042566e-01   8.3697845e-01
   5.5503157e-01   8.4728098e-01   7.8582129e-01
   5.1357669e-01   8.5176370e-01   8.4143713e-01
   8.5405592e-01   8.4156982e-01   8.5035223e-01
   8.4955869e-01   8.4173753e-01   8.4813861e-01
   8.3099216e-01   8.1439998e-01   8.3094927e-01
   8.5173266e-01   8.2846957e-01   8.4268607e-01
   8.4443954e-01   8.4753891e-01   8.4968937e-01
   4.2373407e-01   8.2849895e-01   8.5311002e-01
   8.4418260e-01   8.4995447e-01   8.1826411e-01
   7.3455257e-01   8.3648920e-01   8.3966604e-01
   8.4337339e-01   8.4698495e-01   8.4371081e-01
